Temperature	Standard_1_1	Standard_1_2	Standard_1_3	Standard_2_1	Standard_2_2	Standard_2_3	Standard_3_1	Standard_3_2	Standard_3_3	Standard_4_1	Standard_4_2	Standard_4_3	Standard_5_1	Standard_5_2	Standard_5_3	Standard_6_1	Standard_6_2	Standard_6_3	Standard_7_1	Standard_7_2	Standard_7_3	Standard_8_1	Standard_8_2	Standard_8_3	Sample_1	Sample_2	Sample_3	Sample_4	Sample_5	Sample_6	Sample_7	Sample_8	Sample_9	Sample_10
65.00	3352.10	3298.09	3202.16	3282.45	3336.09	3197.37	3261.98	3157.75	3127.05	3220.20	3291.93	3106.69	3270.26	3261.86	3207.33	3213.63	3207.73	3065.23	3276.85	3184.69	3265.26	3360.68	3240.70	3206.66	2939.70	3029.12	2797.14	3128.67	3175.05	2951.19	3246.50	3154.15	3133.67	2889.15
65.10	3353.92	3300.65	3204.42	3284.15	3337.51	3198.90	3264.14	3159.95	3129.66	3222.57	3294.42	3109.06	3272.50	3263.26	3209.36	3215.42	3209.50	3066.93	3277.99	3185.59	3266.27	3361.40	3241.63	3207.40	2941.66	3032.70	2796.77	3131.84	3178.01	2952.19	3250.12	3154.63	3135.74	2890.48
65.20	3355.74	3303.21	3206.67	3285.85	3338.94	3200.42	3266.31	3162.16	3132.27	3224.93	3296.90	3111.43	3274.75	3264.65	3211.40	3217.21	3211.26	3068.62	3279.13	3186.49	3267.28	3362.12	3242.56	3208.15	2943.62	3036.27	2796.40	3135.00	3180.98	2953.19	3253.75	3155.11	3137.81	2891.81
65.30	3357.56	3305.77	3208.93	3287.55	3340.36	3201.95	3268.47	3164.37	3134.88	3227.29	3299.39	3113.80	3276.99	3266.04	3213.43	3218.99	3213.03	3070.31	3280.27	3187.39	3268.28	3362.84	3243.48	3208.90	2945.58	3039.85	2796.03	3138.16	3183.94	2954.19	3257.37	3155.58	3139.88	2893.14
65.40	3359.38	3308.33	3211.18	3289.25	3341.79	3203.47	3270.63	3166.58	3137.49	3229.66	3301.87	3116.16	3279.24	3267.44	3215.47	3220.78	3214.80	3072.01	3281.41	3188.29	3269.29	3363.56	3244.41	3209.64	2947.55	3043.43	2795.66	3141.33	3186.91	2955.19	3261.00	3156.06	3141.95	2894.47
65.50	3361.19	3310.89	3213.44	3290.95	3343.21	3204.99	3272.79	3168.79	3140.10	3232.02	3304.36	3118.53	3281.48	3268.83	3217.50	3222.57	3216.57	3073.70	3282.55	3189.19	3270.30	3364.28	3245.33	3210.39	2949.51	3047.01	2795.29	3144.49	3189.87	2956.20	3264.62	3156.54	3144.02	2895.79
65.60	3363.01	3313.45	3215.70	3292.65	3344.64	3206.52	3274.96	3171.00	3142.71	3234.38	3306.84	3120.90	3283.72	3270.22	3219.54	3224.36	3218.34	3075.39	3283.69	3190.09	3271.30	3365.00	3246.26	3211.13	2951.47	3050.58	2794.92	3147.65	3192.84	2957.20	3268.24	3157.01	3146.09	2897.12
65.70	3364.00	3315.07	3217.12	3293.64	3345.16	3207.34	3275.91	3171.79	3144.01	3235.34	3307.92	3121.99	3285.03	3270.79	3220.85	3224.93	3218.84	3076.05	3283.77	3190.13	3271.71	3365.01	3246.59	3211.22	2952.34	3052.72	2794.24	3149.33	3194.49	2957.59	3270.81	3156.94	3147.01	2897.67
65.80	3364.25	3315.99	3217.92	3294.15	3345.31	3207.68	3275.98	3171.58	3144.39	3235.37	3308.11	3122.13	3285.70	3270.75	3221.64	3224.94	3218.37	3076.14	3283.30	3189.87	3271.33	3364.52	3246.27	3210.64	2952.53	3053.76	2793.45	3150.17	3195.19	2957.38	3272.41	3156.53	3147.21	2897.80
65.90	3363.93	3316.21	3217.81	3293.99	3344.97	3207.43	3275.53	3170.94	3143.89	3234.67	3307.59	3121.55	3285.61	3270.59	3221.98	3224.72	3217.57	3075.73	3282.28	3189.42	3270.64	3363.52	3245.42	3209.78	2952.34	3054.27	2792.67	3150.43	3195.33	2956.99	3273.25	3155.78	3147.02	2897.39
66.00	3363.32	3315.97	3217.55	3293.41	3344.33	3206.98	3274.81	3169.72	3143.19	3233.92	3306.69	3120.63	3285.24	3270.07	3221.88	3224.23	3216.46	3074.88	3281.01	3188.47	3269.78	3362.14	3244.23	3208.71	2951.88	3054.44	2791.85	3150.59	3194.94	2956.68	3273.65	3154.99	3146.48	2896.66
66.10	3362.52	3315.20	3216.84	3292.45	3343.47	3206.24	3273.81	3168.08	3142.09	3233.03	3305.45	3119.64	3284.37	3269.36	3221.29	3223.52	3215.18	3073.66	3279.57	3187.18	3268.75	3360.55	3242.73	3207.52	2951.17	3054.18	2791.03	3150.34	3194.24	2956.24	3273.57	3154.19	3145.79	2895.67
66.20	3361.39	3314.28	3215.94	3291.32	3342.83	3205.44	3272.72	3166.68	3140.82	3232.04	3304.23	3118.45	3283.47	3268.67	3220.54	3222.53	3213.95	3072.29	3278.15	3186.04	3267.76	3359.02	3241.24	3206.29	2950.39	3053.68	2790.25	3149.77	3193.36	2955.74	3272.97	3153.51	3144.98	2894.61
66.30	3360.22	3313.40	3214.79	3289.97	3342.00	3204.48	3271.41	3165.41	3139.46	3230.87	3302.73	3117.16	3282.34	3268.00	3219.75	3221.13	3212.84	3070.89	3276.79	3184.65	3266.81	3357.57	3239.74	3205.17	2949.55	3053.17	2789.35	3148.97	3192.38	2955.08	3272.19	3152.82	3144.23	2893.60
66.40	3358.97	3312.50	3213.68	3288.72	3341.20	3203.64	3270.08	3164.11	3138.23	3229.55	3301.36	3115.98	3281.30	3267.27	3218.93	3219.85	3211.76	3069.66	3275.39	3182.98	3265.71	3356.16	3238.40	3203.93	2948.66	3052.33	2788.47	3147.85	3191.29	2954.33	3271.29	3152.31	3143.28	2892.67
66.50	3357.46	3311.59	3212.26	3287.37	3340.38	3202.58	3268.68	3163.08	3136.68	3227.93	3300.02	3114.80	3280.09	3266.55	3218.01	3218.47	3210.51	3068.49	3274.06	3181.81	3264.33	3354.73	3237.11	3202.69	2947.63	3051.19	2787.58	3146.37	3190.28	2953.17	3270.18	3151.52	3142.24	2891.69
66.60	3355.75	3310.83	3210.82	3286.05	3339.61	3201.47	3267.13	3162.21	3135.28	3226.22	3298.91	3113.33	3279.03	3265.84	3217.20	3217.26	3209.40	3067.39	3272.69	3180.64	3262.98	3353.28	3236.09	3201.27	2946.49	3050.16	2786.62	3145.00	3189.38	2951.97	3269.02	3150.57	3141.23	2890.60
66.70	3354.01	3310.00	3209.28	3284.71	3338.34	3200.24	3265.39	3161.01	3134.10	3224.41	3297.40	3111.76	3277.77	3264.94	3216.36	3216.20	3208.22	3066.50	3271.22	3179.28	3261.39	3351.74	3235.10	3199.96	2945.30	3049.24	2785.75	3143.47	3188.37	2950.68	3268.02	3149.33	3140.13	2889.65
66.80	3352.28	3308.80	3207.91	3283.02	3336.97	3198.86	3263.71	3159.58	3132.85	3222.60	3295.97	3110.31	3276.48	3263.92	3215.26	3215.06	3207.16	3065.65	3269.74	3178.10	3259.80	3349.94	3234.18	3198.57	2943.89	3048.36	2784.88	3141.93	3187.34	2949.58	3266.90	3148.05	3138.66	2888.48
66.90	3350.41	3307.48	3206.44	3281.25	3335.49	3197.34	3262.00	3158.01	3131.62	3220.89	3294.16	3108.96	3275.08	3262.59	3214.02	3213.54	3205.85	3064.67	3268.26	3177.12	3258.37	3348.05	3233.06	3197.29	2942.36	3047.46	2783.94	3140.38	3186.12	2948.52	3265.63	3146.58	3137.28	2887.22
67.00	3348.73	3306.06	3204.99	3279.36	3333.94	3195.89	3260.12	3156.45	3130.74	3219.25	3292.35	3107.57	3273.53	3261.26	3213.04	3211.89	3204.61	3063.57	3266.59	3175.65	3257.15	3345.95	3231.85	3196.05	2940.87	3046.74	2783.03	3139.06	3185.23	2947.58	3264.44	3145.32	3135.71	2886.01
67.10	3347.10	3304.29	3203.83	3277.54	3332.13	3194.59	3258.15	3154.99	3129.81	3217.73	3290.31	3106.44	3271.80	3259.93	3211.82	3209.90	3203.33	3062.49	3264.82	3174.28	3255.89	3343.90	3230.34	3194.90	2939.48	3045.79	2782.13	3137.72	3184.17	2946.51	3263.28	3144.01	3133.99	2884.87
67.20	3345.53	3302.44	3202.66	3275.76	3330.60	3193.33	3256.30	3153.62	3128.61	3216.21	3288.47	3105.41	3270.09	3258.55	3210.54	3207.82	3201.84	3061.38	3263.10	3172.92	3254.86	3341.82	3228.66	3193.58	2938.04	3044.62	2781.05	3136.48	3183.12	2945.42	3261.97	3142.75	3132.23	2883.65
67.30	3343.88	3300.73	3201.32	3274.49	3329.15	3192.08	3254.47	3152.31	3127.55	3214.71	3286.59	3104.25	3268.25	3256.98	3209.43	3205.96	3200.10	3060.09	3261.25	3171.38	3253.60	3339.96	3226.91	3192.21	2936.78	3043.29	2779.96	3135.27	3182.06	2944.20	3260.77	3141.42	3130.60	2882.52
67.40	3342.25	3299.01	3200.03	3273.19	3327.65	3190.71	3252.56	3151.18	3126.59	3213.21	3284.96	3102.73	3266.50	3255.38	3208.46	3204.27	3198.53	3058.76	3259.58	3169.71	3252.09	3338.08	3225.14	3190.96	2935.55	3041.88	2778.69	3134.08	3181.08	2942.78	3259.58	3140.22	3128.93	2881.42
67.50	3340.55	3297.24	3199.00	3272.05	3326.18	3189.42	3250.75	3149.92	3125.24	3211.81	3283.25	3101.27	3264.91	3253.71	3207.08	3202.64	3197.17	3057.49	3258.14	3168.33	3250.29	3336.51	3223.51	3189.60	2934.54	3040.42	2777.31	3132.71	3179.53	2941.37	3258.41	3138.96	3127.51	2880.38
67.60	3338.87	3295.83	3197.58	3270.71	3324.87	3188.01	3249.11	3148.44	3123.67	3210.45	3281.61	3099.60	3263.28	3251.92	3205.97	3201.22	3195.77	3056.11	3256.79	3166.98	3248.38	3335.05	3221.96	3188.19	2933.42	3039.27	2775.80	3131.21	3178.08	2940.05	3257.22	3137.90	3126.11	2879.36
67.70	3337.15	3294.36	3196.25	3269.36	3323.44	3186.48	3247.62	3146.88	3122.17	3209.13	3279.87	3097.92	3261.67	3250.15	3204.91	3199.84	3194.57	3054.47	3255.45	3165.65	3246.24	3333.58	3220.45	3186.72	2932.34	3038.30	2774.36	3129.68	3176.77	2938.91	3256.02	3136.83	3124.67	2878.45
67.80	3335.32	3292.84	3194.99	3267.92	3321.92	3185.07	3246.11	3145.36	3120.42	3207.88	3277.95	3096.18	3260.37	3248.69	3203.55	3198.45	3193.47	3052.97	3254.17	3164.45	3244.30	3331.91	3219.03	3185.37	2931.33	3037.31	2773.07	3127.97	3175.35	2937.76	3254.69	3135.72	3123.30	2877.51
67.90	3333.55	3291.31	3193.65	3266.59	3320.47	3183.86	3244.66	3143.60	3118.32	3206.68	3276.00	3094.73	3258.95	3247.45	3202.22	3196.88	3192.37	3051.65	3252.40	3163.44	3242.58	3330.36	3217.85	3183.78	2930.45	3036.69	2772.05	3126.49	3173.90	2936.87	3253.43	3134.41	3121.86	2876.55
68.00	3331.63	3289.76	3191.99	3265.08	3318.83	3182.47	3243.22	3141.92	3116.35	3205.22	3274.12	3093.27	3257.53	3246.10	3201.16	3195.34	3190.98	3050.47	3250.33	3162.23	3241.23	3328.53	3216.57	3182.07	2929.34	3035.87	2771.05	3125.26	3172.54	2935.80	3252.12	3133.03	3120.37	2875.50
68.10	3329.56	3287.93	3190.39	3263.59	3317.22	3180.88	3241.76	3140.41	3114.64	3203.57	3272.27	3091.98	3256.17	3244.91	3199.88	3193.71	3189.56	3049.40	3248.25	3160.92	3239.87	3326.37	3215.19	3180.28	2928.38	3034.82	2770.17	3124.11	3171.01	2934.60	3250.73	3131.49	3118.87	2874.43
68.20	3327.55	3286.21	3188.73	3261.93	3315.70	3179.52	3240.07	3138.95	3113.08	3201.95	3270.52	3090.72	3254.62	3243.73	3198.36	3191.94	3187.96	3048.44	3246.17	3159.57	3238.63	3324.19	3213.89	3178.52	2927.31	3033.68	2769.32	3122.97	3169.33	2933.15	3249.40	3130.00	3117.48	2873.03
68.30	3325.75	3284.50	3187.03	3260.10	3314.15	3178.19	3238.14	3137.48	3111.66	3200.11	3268.94	3089.65	3252.84	3242.28	3197.06	3189.97	3186.18	3047.36	3244.10	3158.20	3237.38	3322.27	3212.61	3176.77	2926.23	3032.76	2768.25	3122.04	3167.69	2931.68	3248.21	3128.64	3115.99	2871.64
68.40	3323.91	3282.80	3185.63	3258.07	3312.36	3176.96	3236.14	3136.16	3110.57	3198.16	3267.23	3088.71	3251.05	3240.69	3195.52	3188.12	3184.25	3046.22	3242.38	3156.72	3235.96	3320.20	3211.16	3175.11	2925.05	3031.47	2767.12	3120.97	3166.21	2930.07	3247.03	3127.57	3114.39	2870.26
68.50	3322.39	3281.25	3184.35	3256.11	3310.61	3175.87	3234.14	3134.58	3109.40	3196.46	3265.51	3087.73	3248.93	3239.28	3193.80	3186.34	3182.35	3044.85	3240.84	3155.39	3234.39	3318.38	3209.52	3173.72	2923.76	3030.52	2766.06	3119.52	3165.06	2928.58	3245.56	3126.53	3112.74	2868.98
68.60	3321.05	3279.88	3183.06	3254.35	3308.81	3174.99	3232.11	3132.95	3108.04	3194.67	3263.69	3086.79	3246.79	3237.76	3192.04	3184.63	3180.36	3043.47	3239.30	3154.09	3232.79	3316.86	3207.91	3172.59	2922.35	3029.61	2765.15	3118.16	3164.20	2927.50	3244.06	3125.42	3111.19	2867.73
68.70	3319.47	3278.61	3181.71	3252.69	3306.88	3173.94	3229.95	3131.37	3106.54	3192.75	3261.89	3085.62	3244.81	3236.28	3190.58	3182.98	3178.42	3042.16	3237.80	3152.90	3231.15	3315.31	3206.01	3171.45	2921.16	3028.54	2764.25	3116.79	3163.28	2926.46	3242.36	3124.27	3109.46	2866.77
68.80	3317.75	3277.31	3180.32	3251.10	3304.98	3172.67	3228.06	3129.85	3105.12	3191.09	3260.09	3084.32	3242.94	3235.02	3189.02	3181.59	3176.61	3040.77	3236.29	3151.50	3229.40	3313.50	3203.84	3170.05	2919.87	3027.22	2763.64	3115.22	3162.40	2925.49	3240.65	3123.03	3107.69	2865.88
68.90	3315.98	3276.16	3178.59	3249.58	3303.46	3171.07	3226.27	3128.31	3103.50	3189.60	3258.44	3082.59	3241.15	3233.78	3187.73	3180.19	3174.96	3039.44	3234.77	3150.03	3227.74	3311.87	3201.80	3168.69	2918.63	3026.06	2762.92	3113.53	3161.27	2924.44	3238.78	3121.56	3106.21	2865.01
69.00	3313.95	3274.91	3176.90	3248.17	3302.28	3169.27	3224.38	3126.98	3101.99	3187.96	3256.76	3080.94	3239.64	3232.43	3186.36	3178.54	3173.34	3038.05	3233.30	3148.49	3226.04	3310.03	3200.09	3167.13	2917.55	3024.62	2762.29	3112.11	3159.62	2923.32	3237.16	3120.06	3104.75	2864.11
69.10	3311.84	3273.71	3175.37	3246.60	3301.12	3167.48	3222.58	3125.56	3100.61	3186.51	3255.08	3079.18	3238.15	3231.13	3185.08	3176.89	3171.92	3036.41	3231.83	3146.95	3224.46	3308.18	3198.52	3165.35	2916.59	3023.21	2761.38	3110.70	3157.62	2921.82	3235.70	3118.71	3103.15	2863.05
69.20	3309.97	3272.35	3173.80	3245.17	3299.90	3165.52	3221.04	3124.11	3099.03	3185.16	3253.34	3077.59	3236.67	3229.91	3183.57	3175.34	3170.70	3034.71	3230.30	3145.36	3222.87	3306.43	3197.31	3163.55	2915.41	3021.82	2760.55	3109.22	3155.59	2920.41	3234.49	3117.46	3101.70	2861.94
69.30	3308.15	3271.14	3172.38	3243.74	3298.74	3163.68	3219.46	3122.46	3097.24	3183.62	3251.69	3075.94	3235.01	3228.53	3182.13	3173.63	3169.55	3033.21	3228.81	3143.99	3221.45	3304.77	3196.35	3161.94	2914.19	3020.56	2759.41	3107.88	3153.52	2918.91	3233.07	3116.20	3100.26	2860.74
69.40	3306.35	3269.82	3171.15	3242.24	3297.33	3161.98	3217.91	3120.73	3095.55	3181.85	3250.12	3074.50	3233.24	3227.30	3180.49	3171.90	3168.24	3031.52	3227.20	3142.67	3219.99	3302.96	3195.18	3160.27	2912.89	3019.18	2758.39	3106.55	3151.61	2917.46	3231.85	3114.88	3098.72	2859.49
69.50	3304.49	3268.58	3169.86	3240.78	3295.46	3160.51	3216.40	3119.06	3093.96	3180.15	3248.52	3072.75	3231.52	3225.91	3179.03	3170.44	3167.07	3030.00	3225.63	3141.19	3218.55	3301.34	3193.80	3158.54	2911.53	3017.94	2757.22	3105.06	3150.09	2916.23	3230.52	3113.57	3097.18	2858.25
69.60	3302.64	3267.08	3168.38	3239.20	3293.47	3158.87	3214.74	3117.37	3092.25	3178.34	3247.06	3071.02	3229.71	3224.63	3177.35	3168.84	3165.84	3028.79	3223.91	3139.67	3217.12	3299.49	3192.22	3156.96	2909.95	3016.58	2756.28	3103.30	3148.73	2915.04	3229.13	3112.25	3095.48	2857.28
69.70	3300.72	3265.45	3167.17	3237.49	3291.53	3157.51	3212.91	3115.54	3090.73	3176.58	3245.61	3069.28	3227.92	3223.11	3176.00	3167.04	3164.23	3027.64	3222.20	3138.29	3215.73	3297.67	3190.43	3155.48	2908.52	3015.44	2755.27	3101.60	3147.44	2913.90	3227.46	3110.80	3093.66	2856.17
69.80	3298.74	3263.61	3165.79	3235.89	3289.51	3156.24	3210.95	3113.84	3089.39	3174.87	3243.89	3067.64	3226.36	3221.47	3174.51	3165.31	3162.60	3026.35	3220.22	3136.76	3214.25	3295.80	3188.51	3154.08	2907.07	3014.15	2754.49	3099.84	3146.10	2912.80	3225.92	3109.37	3091.89	2855.20
69.90	3296.98	3261.65	3164.37	3234.39	3287.43	3155.03	3208.85	3112.25	3088.03	3173.17	3241.95	3066.06	3224.87	3219.69	3173.06	3163.62	3161.17	3025.27	3218.47	3135.20	3212.83	3294.02	3186.65	3152.67	2905.76	3012.92	2753.71	3098.17	3144.62	2911.81	3224.24	3108.22	3090.09	2854.38
70.00	3295.51	3259.57	3162.87	3232.64	3285.56	3153.74	3206.88	3110.53	3086.51	3171.40	3239.97	3064.77	3223.20	3218.28	3171.73	3161.86	3159.70	3024.42	3216.45	3133.84	3211.39	3292.09	3184.85	3151.60	2904.45	3011.56	2752.94	3096.48	3143.03	2910.57	3222.68	3107.23	3088.15	2853.35
70.10	3293.99	3257.57	3161.46	3230.95	3283.97	3152.59	3204.85	3108.89	3085.11	3169.64	3237.80	3063.46	3221.65	3216.65	3170.78	3160.19	3158.09	3023.47	3214.50	3132.48	3209.75	3290.32	3183.23	3150.39	2903.33	3010.24	2752.18	3095.03	3141.55	2909.47	3221.06	3106.06	3086.56	2852.02
70.20	3292.38	3255.83	3159.65	3229.33	3282.54	3151.35	3202.91	3107.44	3083.84	3167.82	3235.66	3062.13	3220.04	3215.03	3169.48	3158.74	3156.73	3022.33	3212.52	3130.93	3208.04	3288.47	3181.74	3149.02	2902.13	3008.68	2751.32	3093.70	3140.02	2908.17	3219.89	3105.00	3085.21	2850.70
70.30	3290.76	3254.21	3158.06	3227.55	3281.09	3150.09	3201.13	3106.03	3082.47	3165.96	3233.65	3060.81	3218.33	3213.68	3168.47	3157.28	3155.24	3021.23	3210.84	3129.49	3206.26	3286.83	3180.35	3147.45	2901.12	3007.32	2750.44	3092.31	3138.41	2906.79	3218.77	3103.98	3083.85	2849.17
70.40	3288.79	3252.63	3156.41	3225.78	3279.81	3148.75	3199.38	3104.55	3081.09	3164.31	3231.79	3059.30	3216.53	3212.43	3167.63	3155.73	3153.60	3019.96	3208.86	3128.15	3204.35	3285.24	3179.01	3145.81	2900.01	3005.90	2749.47	3090.85	3136.91	2905.42	3217.67	3102.77	3082.52	2847.47
70.50	3286.46	3251.02	3154.74	3224.28	3278.49	3147.40	3197.38	3103.28	3079.77	3162.72	3229.99	3057.77	3214.79	3211.00	3166.64	3154.09	3151.86	3018.37	3207.06	3126.84	3202.49	3283.71	3177.48	3143.95	2898.99	3004.66	2748.47	3089.47	3135.42	2904.24	3216.55	3101.53	3081.22	2845.91
70.60	3284.27	3249.46	3153.20	3223.09	3276.89	3146.08	3195.57	3102.19	3078.37	3161.13	3228.43	3056.11	3213.03	3209.64	3165.28	3152.64	3150.07	3016.66	3205.46	3125.69	3200.68	3282.09	3175.89	3142.13	2897.86	3003.42	2747.31	3087.98	3133.97	2903.04	3215.39	3100.50	3079.80	2844.55
70.70	3282.15	3247.79	3151.75	3221.89	3274.93	3144.67	3193.61	3100.94	3076.66	3159.52	3226.76	3054.29	3211.29	3208.28	3164.07	3151.04	3148.29	3015.15	3203.90	3124.43	3198.84	3280.35	3174.26	3140.51	2896.87	3002.29	2746.38	3086.27	3132.54	2902.04	3213.78	3099.34	3078.12	2843.37
70.80	3280.19	3246.14	3150.05	3220.68	3272.98	3143.09	3191.62	3099.81	3075.06	3157.97	3225.11	3052.40	3209.45	3206.78	3162.59	3149.42	3146.63	3013.70	3202.13	3123.13	3197.13	3278.33	3172.71	3138.96	2895.76	3000.97	2745.20	3084.65	3131.34	2901.26	3212.09	3098.09	3076.38	2842.22
70.90	3278.42	3244.60	3148.44	3219.43	3271.02	3141.60	3189.73	3098.47	3073.45	3156.08	3223.49	3050.75	3207.72	3205.22	3160.89	3147.83	3145.09	3012.43	3200.49	3121.64	3195.46	3276.05	3171.28	3137.60	2894.78	2999.70	2744.02	3083.09	3130.15	2900.34	3210.38	3096.74	3074.55	2841.05
71.00	3276.85	3243.31	3147.00	3217.94	3269.16	3140.14	3188.02	3096.98	3071.83	3154.15	3222.10	3048.98	3206.11	3203.49	3159.11	3146.38	3143.44	3011.03	3199.05	3120.07	3193.65	3273.84	3170.30	3136.16	2893.67	2998.17	2742.98	3081.63	3128.88	2899.36	3208.59	3095.21	3072.81	2839.94
71.10	3275.17	3242.00	3145.22	3216.06	3267.45	3138.71	3186.15	3095.10	3070.14	3152.26	3220.39	3047.40	3204.58	3201.81	3157.41	3144.61	3141.90	3009.71	3197.35	3118.24	3191.86	3271.69	3169.53	3134.71	2892.67	2996.63	2742.11	3080.15	3127.30	2898.24	3206.86	3093.33	3071.00	2838.79
71.20	3273.48	3240.62	3143.65	3214.17	3266.10	3137.43	3184.46	3093.35	3068.68	3150.40	3218.65	3046.02	3202.94	3200.20	3155.66	3142.84	3140.29	3008.25	3195.70	3116.58	3190.06	3269.73	3168.64	3133.24	2891.65	2995.21	2741.04	3078.68	3125.85	2897.14	3205.28	3091.67	3069.43	2837.59
71.30	3271.47	3239.07	3142.24	3212.50	3264.69	3136.30	3182.59	3091.30	3067.06	3148.37	3216.90	3044.74	3201.32	3198.62	3154.11	3141.04	3138.63	3006.84	3194.26	3114.95	3188.32	3267.87	3167.56	3132.03	2890.55	2993.72	2740.18	3077.20	3124.29	2895.75	3203.69	3090.14	3067.91	2836.58
71.40	3269.55	3237.31	3140.80	3210.89	3263.29	3135.10	3180.50	3089.66	3065.50	3146.68	3214.80	3043.30	3199.66	3196.82	3152.61	3139.23	3136.74	3005.20	3192.94	3113.53	3186.76	3266.30	3166.33	3130.74	2889.28	2992.32	2739.59	3075.68	3122.65	2894.41	3202.13	3088.71	3066.38	2835.80
71.50	3267.58	3235.20	3139.31	3209.35	3261.70	3133.89	3178.47	3087.90	3063.91	3144.99	3212.32	3041.91	3197.75	3195.18	3151.10	3137.18	3135.08	3003.72	3191.29	3112.16	3185.39	3264.56	3164.61	3129.63	2888.06	2991.07	2738.92	3074.01	3121.17	2893.07	3200.53	3087.29	3064.76	2834.91
71.60	3265.62	3233.00	3138.15	3207.84	3260.13	3132.63	3176.67	3086.42	3062.31	3143.27	3210.02	3040.45	3195.62	3193.44	3149.80	3135.28	3133.52	3002.44	3189.66	3110.74	3184.15	3262.81	3162.36	3128.61	2886.73	2989.84	2738.20	3072.28	3119.89	2891.78	3198.88	3086.30	3063.19	2833.95
71.70	3263.72	3231.03	3136.82	3206.06	3258.28	3131.31	3174.74	3084.83	3060.73	3141.52	3207.86	3038.96	3193.52	3191.78	3148.55	3133.42	3131.85	3001.15	3188.05	3109.37	3183.14	3261.08	3160.19	3127.47	2885.31	2988.45	2737.57	3070.79	3118.64	2890.47	3197.26	3084.99	3061.27	2832.98
71.80	3262.27	3229.24	3135.29	3203.82	3256.65	3129.88	3173.06	3083.54	3059.31	3139.96	3205.73	3037.34	3191.60	3190.06	3147.02	3131.68	3130.16	2999.50	3186.23	3107.99	3181.95	3259.33	3158.14	3126.00	2884.03	2987.31	2737.04	3069.29	3117.56	2889.45	3195.63	3083.56	3059.29	2831.87
71.90	3260.54	3227.76	3133.62	3201.56	3254.94	3128.39	3171.49	3082.10	3057.71	3138.25	3203.74	3035.80	3189.60	3188.51	3145.43	3129.89	3128.72	2998.03	3184.12	3106.40	3180.48	3257.41	3156.06	3124.36	2882.72	2986.08	2736.21	3067.87	3116.62	2888.53	3194.00	3082.18	3057.47	2830.71
72.00	3258.90	3226.52	3132.06	3199.38	3253.35	3126.88	3169.70	3080.84	3056.12	3136.56	3201.89	3034.26	3187.80	3187.04	3143.85	3128.18	3127.13	2996.47	3182.21	3104.71	3178.89	3255.68	3154.26	3122.53	2881.47	2984.87	2735.44	3066.41	3115.54	2887.62	3192.51	3080.86	3055.68	2829.57
72.10	3257.25	3225.40	3130.47	3197.39	3251.60	3125.35	3167.75	3079.50	3054.76	3134.94	3200.12	3032.54	3186.07	3185.54	3141.97	3126.49	3125.49	2994.60	3180.45	3103.21	3177.30	3253.87	3152.93	3120.44	2880.15	2983.83	2734.52	3065.13	3114.34	2886.88	3190.95	3079.35	3053.84	2828.62
72.20	3255.67	3224.00	3128.91	3195.86	3250.15	3123.70	3166.03	3078.14	3053.39	3133.36	3198.29	3030.82	3184.47	3183.96	3140.07	3124.74	3124.01	2993.00	3178.62	3101.60	3175.56	3252.04	3151.69	3118.39	2878.93	2982.76	2733.52	3063.68	3112.97	2885.99	3189.31	3078.17	3052.32	2827.70
72.30	3253.62	3222.51	3127.59	3194.64	3248.42	3122.10	3164.03	3076.61	3051.86	3131.81	3196.43	3029.26	3182.56	3182.28	3138.35	3122.77	3122.57	2991.66	3177.08	3099.81	3173.96	3250.41	3150.35	3116.33	2877.57	2981.56	2732.36	3062.35	3111.33	2884.88	3187.79	3076.95	3050.76	2826.70
72.40	3251.96	3220.88	3126.47	3193.34	3246.94	3120.56	3162.19	3075.00	3050.52	3130.23	3194.73	3027.71	3180.76	3180.72	3136.75	3120.89	3121.01	2990.28	3175.87	3098.17	3172.36	3248.80	3149.07	3114.52	2876.46	2980.28	2731.26	3060.90	3109.52	2883.54	3186.08	3075.75	3049.13	2825.65
72.50	3250.31	3219.10	3125.08	3192.03	3245.34	3118.96	3160.46	3073.12	3049.06	3128.64	3193.13	3026.06	3179.02	3179.05	3135.26	3119.22	3119.65	2989.00	3174.47	3096.67	3170.88	3247.13	3147.67	3113.02	2875.21	2978.83	2729.94	3059.52	3107.64	2882.19	3184.22	3074.57	3047.62	2824.70
72.60	3248.73	3217.30	3123.52	3190.68	3243.91	3117.40	3158.70	3071.26	3047.46	3126.96	3191.39	3024.75	3177.42	3177.48	3133.96	3117.55	3118.11	2987.93	3172.93	3095.25	3169.38	3245.59	3146.09	3111.83	2873.97	2977.12	2728.88	3058.08	3105.92	2880.57	3182.54	3073.26	3046.19	2823.55
72.70	3246.96	3215.66	3121.96	3189.14	3242.30	3116.09	3156.72	3069.51	3045.83	3125.34	3189.58	3023.38	3175.76	3175.99	3132.56	3115.99	3116.49	2986.55	3171.35	3093.87	3167.71	3243.96	3144.45	3110.49	2872.67	2975.59	2727.84	3056.54	3104.20	2879.07	3180.94	3071.66	3044.56	2822.24
72.80	3245.52	3214.15	3120.29	3187.72	3240.97	3114.85	3154.90	3067.83	3044.21	3123.58	3187.83	3021.87	3174.35	3174.80	3131.04	3114.39	3115.03	2985.25	3169.42	3092.81	3166.01	3242.24	3142.82	3109.41	2871.43	2974.04	2726.74	3054.82	3102.48	2877.60	3179.10	3070.17	3043.08	2820.91
72.90	3243.69	3212.67	3118.53	3186.36	3239.34	3113.72	3152.92	3066.37	3042.58	3122.06	3186.06	3020.29	3172.80	3173.54	3129.42	3112.77	3113.51	2983.82	3167.24	3091.73	3164.54	3240.42	3141.26	3108.15	2870.13	2972.47	2725.67	3053.21	3100.82	2876.35	3177.56	3068.60	3041.65	2819.40
73.00	3241.62	3211.19	3116.92	3184.99	3237.79	3112.59	3150.93	3065.11	3041.22	3120.44	3184.18	3018.95	3171.10	3172.34	3127.78	3110.83	3111.72	2982.47	3165.10	3090.56	3163.02	3238.54	3139.82	3106.66	2868.91	2971.15	2724.76	3051.70	3099.29	2875.20	3176.06	3067.09	3040.00	2817.85
73.10	3239.40	3209.62	3115.27	3183.44	3236.24	3111.41	3148.98	3063.87	3039.85	3118.87	3182.51	3017.36	3169.13	3171.22	3126.31	3108.98	3110.07	2981.03	3162.94	3089.29	3161.33	3236.65	3138.49	3104.91	2867.81	2969.89	2723.74	3050.12	3097.71	2874.13	3174.48	3065.90	3038.39	2816.41
73.20	3237.32	3208.09	3113.63	3181.80	3234.74	3110.10	3147.10	3062.47	3038.37	3117.11	3180.72	3015.78	3167.01	3169.97	3125.08	3106.99	3108.45	2979.69	3160.82	3087.98	3159.85	3234.86	3136.96	3103.38	2866.63	2968.57	2722.77	3048.62	3096.18	2873.18	3172.86	3064.90	3037.00	2815.10
73.30	3235.17	3206.27	3111.98	3179.93	3233.05	3108.79	3145.36	3060.93	3037.03	3115.36	3178.84	3014.19	3164.89	3168.47	3124.00	3105.46	3106.59	2978.21	3158.87	3086.55	3158.13	3233.07	3135.62	3101.68	2865.49	2967.35	2721.84	3047.30	3094.83	2872.37	3171.60	3063.75	3035.43	2814.01
73.40	3233.15	3204.29	3110.22	3178.13	3231.34	3107.24	3143.64	3058.91	3035.46	3113.33	3176.96	3012.47	3162.78	3166.93	3122.96	3103.91	3104.77	2976.84	3157.01	3085.08	3156.23	3231.49	3134.28	3099.97	2864.11	2966.28	2720.99	3045.75	3093.42	2871.34	3170.19	3062.44	3033.96	2813.20
73.50	3231.41	3202.61	3108.53	3176.18	3229.69	3105.89	3142.05	3057.04	3033.70	3111.55	3175.09	3010.71	3160.65	3165.17	3121.84	3102.60	3102.97	2975.33	3155.26	3083.69	3154.32	3229.79	3132.74	3098.29	2862.75	2965.16	2720.11	3044.00	3092.08	2870.16	3168.92	3061.13	3032.78	2812.37
73.60	3229.76	3201.08	3107.05	3174.54	3227.89	3104.55	3140.52	3055.12	3032.01	3109.83	3173.11	3009.07	3158.71	3163.11	3120.38	3101.16	3101.19	2973.79	3153.69	3082.34	3152.65	3228.01	3131.33	3096.76	2861.40	2964.06	2719.17	3042.27	3090.79	2869.14	3167.69	3059.50	3031.50	2811.58
73.70	3228.00	3199.39	3105.51	3173.07	3226.05	3103.15	3138.98	3053.33	3030.46	3108.24	3171.39	3007.50	3156.86	3161.20	3118.95	3099.75	3099.48	2972.33	3152.28	3081.16	3150.89	3226.22	3130.41	3095.08	2860.19	2962.71	2718.36	3040.70	3089.43	2867.93	3166.46	3057.72	3030.16	2810.73
73.80	3226.23	3197.93	3103.88	3171.73	3224.25	3101.50	3137.20	3051.71	3028.82	3106.76	3169.76	3006.01	3154.99	3159.41	3117.38	3098.07	3097.93	2970.96	3150.88	3079.83	3149.49	3224.42	3129.27	3093.48	2858.74	2961.31	2717.74	3038.91	3087.96	2866.63	3164.99	3056.26	3028.90	2809.87
73.90	3224.47	3196.71	3102.39	3170.32	3222.61	3100.00	3135.47	3050.49	3027.51	3105.44	3168.14	3004.81	3153.26	3157.53	3115.78	3096.34	3096.33	2969.66	3149.51	3078.60	3148.32	3222.53	3128.06	3091.99	2857.61	2959.82	2717.09	3037.29	3086.54	2865.58	3163.51	3055.12	3027.32	2808.82
74.00	3222.51	3195.03	3100.81	3169.11	3220.94	3098.36	3133.59	3049.03	3026.18	3103.91	3166.59	3003.51	3151.67	3155.84	3114.20	3094.67	3094.96	2968.43	3148.13	3077.36	3147.01	3220.91	3126.99	3090.64	2856.40	2958.16	2716.58	3035.85	3085.03	2864.65	3161.79	3053.82	3025.41	2807.88
74.10	3220.60	3193.18	3099.09	3167.69	3219.42	3096.81	3131.58	3047.55	3024.76	3102.22	3164.97	3002.29	3150.07	3154.37	3112.75	3093.07	3093.58	2967.26	3146.66	3076.09	3145.64	3219.36	3125.49	3089.36	2855.14	2956.52	2716.15	3034.41	3083.28	2863.51	3159.96	3052.75	3023.51	2806.95
74.20	3218.73	3191.38	3097.56	3166.21	3217.86	3095.25	3129.81	3046.04	3023.24	3100.74	3163.27	3001.13	3148.61	3152.71	3110.94	3091.50	3092.09	2965.96	3145.02	3074.54	3144.33	3217.75	3123.68	3088.13	2853.75	2955.13	2715.62	3032.85	3081.92	2862.46	3158.07	3051.80	3021.50	2806.09
74.30	3216.81	3189.50	3096.19	3164.60	3216.36	3094.00	3128.22	3044.45	3021.69	3099.19	3161.45	2999.86	3147.09	3150.97	3109.27	3089.89	3090.37	2964.47	3143.37	3073.00	3142.86	3216.05	3122.05	3087.00	2852.65	2953.61	2714.80	3031.50	3080.52	2861.36	3156.18	3050.69	3019.53	2805.06
74.40	3214.89	3187.54	3094.81	3163.02	3214.93	3092.73	3126.67	3042.80	3019.98	3097.47	3159.56	2998.32	3145.53	3149.31	3107.66	3088.39	3088.67	2963.04	3141.72	3071.26	3141.37	3214.26	3120.42	3085.80	2851.45	2952.17	2714.04	3030.21	3079.27	2860.07	3154.23	3049.42	3017.79	2804.10
74.50	3213.29	3186.02	3093.46	3161.48	3213.54	3091.54	3125.20	3041.24	3018.42	3095.91	3157.55	2996.75	3143.84	3147.76	3106.11	3086.72	3086.80	2961.58	3140.03	3069.56	3139.94	3212.28	3118.91	3084.49	2850.33	2950.92	2713.16	3028.89	3078.08	2858.76	3152.57	3048.31	3016.17	2802.91
74.60	3211.64	3184.62	3092.20	3160.01	3212.27	3090.14	3123.81	3039.94	3017.01	3094.46	3155.71	2995.02	3142.10	3146.37	3104.69	3085.01	3084.93	2960.31	3138.31	3067.82	3138.35	3210.32	3117.59	3082.99	2849.29	2949.70	2712.03	3027.74	3077.02	2857.42	3151.01	3047.11	3014.55	2801.53
74.70	3210.03	3183.35	3090.82	3158.65	3211.06	3088.77	3122.03	3038.72	3015.52	3092.80	3153.74	2993.13	3140.29	3145.24	3103.45	3083.42	3083.02	2959.07	3136.59	3066.35	3136.73	3208.34	3116.17	3081.63	2848.55	2948.47	2710.80	3026.44	3075.50	2855.92	3149.70	3045.75	3013.10	2800.09
74.80	3208.44	3182.06	3089.47	3157.41	3209.71	3087.26	3120.17	3037.53	3014.25	3091.13	3151.84	2991.51	3138.46	3144.19	3102.14	3081.87	3081.37	2958.11	3134.94	3065.05	3135.16	3206.46	3114.65	3080.00	2847.72	2947.33	2709.83	3024.95	3074.13	2854.49	3148.42	3044.23	3011.56	2798.66
74.90	3206.80	3180.63	3088.19	3156.05	3208.19	3085.81	3118.21	3036.27	3013.01	3089.75	3149.94	2990.03	3136.67	3143.21	3100.93	3080.24	3080.07	2957.03	3133.26	3063.97	3133.23	3204.71	3113.11	3078.44	2846.73	2946.08	2708.76	3023.33	3072.45	2853.20	3147.34	3042.79	3009.89	2797.29
75.00	3204.78	3178.96	3086.80	3154.52	3206.62	3084.16	3116.30	3034.99	3011.55	3088.18	3148.14	2988.56	3135.00	3142.03	3099.68	3078.58	3078.83	2956.03	3131.55	3062.74	3131.29	3203.01	3111.18	3077.05	2845.75	2944.71	2707.72	3021.60	3070.73	2851.92	3145.94	3041.13	3008.16	2796.04
75.10	3202.85	3177.34	3085.45	3152.91	3204.91	3082.66	3114.42	3033.46	3009.97	3086.61	3146.08	2987.25	3133.42	3140.53	3098.23	3076.97	3077.49	2954.79	3129.95	3061.55	3129.49	3201.21	3109.34	3075.79	2844.77	2943.25	2707.06	3019.80	3069.09	2850.81	3144.57	3039.39	3006.46	2794.96
75.20	3200.93	3175.62	3084.14	3151.20	3203.18	3081.33	3112.82	3031.69	3008.62	3085.06	3144.21	2986.11	3131.79	3138.84	3096.92	3075.20	3076.19	2953.58	3128.27	3060.29	3127.75	3199.62	3107.59	3074.41	2843.49	2941.73	2706.47	3018.22	3067.45	2849.98	3142.87	3037.80	3004.53	2794.05
75.30	3199.01	3174.16	3082.60	3149.49	3201.58	3080.03	3111.11	3029.89	3007.05	3083.56	3142.27	2984.73	3130.27	3137.14	3095.59	3073.37	3074.80	2952.20	3126.46	3058.98	3125.99	3197.85	3105.82	3073.20	2842.17	2940.18	2705.61	3016.80	3065.64	2849.03	3141.20	3036.49	3002.58	2793.28
75.40	3197.13	3172.99	3080.99	3147.95	3200.06	3078.74	3109.49	3028.18	3005.42	3081.72	3140.55	2983.39	3128.73	3135.42	3094.08	3071.71	3073.11	2950.72	3124.69	3057.70	3124.81	3196.08	3104.10	3072.06	2841.00	2938.65	2704.78	3015.46	3064.15	2848.04	3139.39	3034.99	3000.92	2792.44
75.50	3195.32	3171.76	3079.39	3146.63	3198.47	3077.68	3107.65	3026.68	3003.96	3080.04	3138.83	2982.16	3127.09	3133.77	3092.59	3070.19	3071.41	2949.16	3123.05	3056.52	3123.78	3194.45	3102.79	3070.61	2839.71	2937.16	2703.92	3014.23	3062.67	2846.87	3137.92	3033.63	2999.42	2791.81
75.60	3193.34	3170.48	3077.52	3145.25	3196.68	3076.65	3105.65	3025.23	3002.64	3078.34	3137.24	2980.67	3125.48	3132.29	3091.25	3068.54	3069.77	2947.72	3121.24	3055.44	3122.85	3192.94	3101.55	3069.29	2838.39	2935.73	2703.04	3012.71	3061.17	2845.72	3136.33	3032.43	2997.94	2791.14
75.70	3191.31	3169.19	3075.60	3143.78	3194.83	3075.40	3103.58	3023.98	3001.14	3076.50	3135.54	2979.03	3123.87	3130.82	3089.71	3066.95	3068.26	2946.45	3119.59	3054.40	3121.96	3191.31	3100.52	3068.09	2837.18	2934.43	2702.19	3011.02	3059.88	2844.39	3135.00	3031.36	2996.57	2790.22
75.80	3189.24	3167.54	3073.99	3142.20	3192.89	3074.22	3101.63	3022.84	2999.83	3074.52	3133.85	2977.54	3122.09	3129.31	3088.24	3065.41	3066.85	2945.14	3118.04	3053.32	3121.02	3189.99	3099.40	3066.96	2835.94	2933.29	2701.71	3009.21	3058.73	2843.28	3133.56	3030.06	2995.39	2789.31
75.90	3187.19	3165.60	3072.38	3140.60	3190.88	3072.94	3099.62	3021.64	2998.55	3072.73	3131.86	2976.06	3120.18	3127.74	3086.83	3063.55	3065.38	2944.05	3116.50	3052.04	3119.62	3188.51	3098.25	3065.58	2834.81	2932.16	2701.29	3007.40	3057.45	2842.16	3132.10	3028.96	2993.97	2788.41
76.00	3185.22	3163.88	3070.88	3138.65	3188.99	3071.55	3097.76	3020.18	2997.12	3070.73	3129.84	2974.63	3118.39	3126.37	3085.41	3061.58	3063.92	2943.05	3114.92	3050.75	3117.89	3186.86	3097.02	3064.37	2833.88	2931.09	2700.98	3005.68	3056.24	2841.30	3130.31	3027.92	2992.40	2787.29
76.10	3183.40	3162.10	3069.64	3136.97	3187.32	3070.02	3096.11	3018.66	2995.58	3068.81	3127.81	2973.36	3116.37	3124.93	3083.76	3059.75	3062.45	2941.98	3113.40	3049.21	3116.14	3185.11	3095.49	3062.94	2832.94	2929.87	2700.41	3004.33	3054.99	2840.46	3128.66	3026.92	2990.93	2786.20
76.20	3181.48	3160.38	3068.46	3135.36	3185.88	3068.64	3094.43	3017.21	2994.25	3067.07	3125.83	2972.14	3114.56	3123.54	3082.26	3057.94	3060.86	2940.60	3111.83	3047.56	3114.23	3183.26	3093.64	3061.26	2831.97	2928.43	2699.94	3003.20	3053.80	2839.61	3126.80	3025.71	2989.46	2785.20
76.30	3179.76	3158.78	3067.06	3133.85	3184.51	3067.10	3092.88	3015.69	2992.82	3065.53	3124.05	2970.64	3112.84	3122.26	3080.69	3056.23	3059.09	2939.28	3110.30	3045.94	3112.35	3181.18	3091.97	3059.50	2831.33	2926.83	2699.11	3002.24	3052.42	2838.71	3125.01	3024.65	2987.83	2783.98
76.40	3178.17	3157.28	3065.51	3132.31	3183.33	3065.53	3091.38	3014.22	2991.41	3063.85	3122.39	2969.00	3111.11	3120.94	3079.15	3054.67	3057.32	2937.86	3108.65	3044.31	3110.65	3179.41	3090.29	3057.87	2830.47	2925.43	2698.27	3001.16	3051.08	2837.87	3123.23	3023.51	2986.20	2782.78
76.50	3176.64	3155.84	3063.98	3130.97	3182.16	3064.00	3090.13	3012.89	2990.15	3062.38	3120.85	2967.31	3109.31	3119.40	3077.59	3053.27	3055.72	2936.35	3107.11	3042.61	3109.26	3177.83	3088.61	3056.29	2829.34	2923.76	2697.33	2999.79	3049.48	2836.80	3121.58	3022.36	2984.73	2781.57
76.60	3175.07	3154.37	3062.40	3129.27	3181.05	3062.54	3088.60	3011.86	2988.90	3060.79	3119.64	2965.62	3107.80	3117.92	3076.12	3051.74	3054.21	2934.62	3105.71	3041.13	3107.61	3176.27	3087.18	3054.69	2828.17	2922.32	2696.46	2998.25	3047.94	2835.53	3119.78	3021.09	2982.99	2780.15
76.70	3173.68	3152.95	3060.75	3127.71	3179.74	3061.13	3087.08	3010.73	2987.47	3059.20	3118.50	2964.10	3106.14	3116.40	3074.57	3050.28	3052.84	2932.98	3104.37	3039.71	3105.97	3174.76	3085.94	3053.25	2827.01	2920.98	2695.34	2996.54	3046.10	2834.56	3118.08	3019.88	2981.24	2778.91
76.80	3172.10	3151.74	3059.07	3126.09	3178.47	3059.74	3085.27	3009.67	2985.91	3057.68	3117.25	2962.84	3104.48	3114.79	3072.98	3048.81	3051.63	2931.41	3102.86	3038.20	3104.41	3173.30	3084.72	3051.69	2825.33	2919.49	2694.46	2994.60	3044.39	2833.63	3116.44	3018.50	2979.54	2777.84
76.90	3170.37	3150.56	3057.50	3124.50	3177.08	3058.55	3083.40	3008.70	2984.37	3056.26	3116.19	2961.73	3103.04	3113.35	3071.36	3047.41	3050.68	2929.77	3101.48	3036.92	3102.78	3171.55	3083.52	3050.21	2823.85	2917.68	2693.60	2992.83	3042.53	2832.65	3114.85	3017.16	2977.94	2776.65
77.00	3168.63	3149.15	3055.89	3122.99	3175.63	3057.38	3081.03	3007.74	2982.76	3054.95	3114.98	2960.58	3101.57	3111.90	3069.80	3045.97	3049.50	2928.24	3099.87	3035.76	3100.98	3169.74	3082.26	3048.73	2822.55	2916.35	2692.79	2991.23	3040.90	2831.74	3113.22	3015.73	2976.34	2775.49
77.10	3167.04	3147.91	3054.31	3121.76	3174.08	3056.32	3079.02	3006.37	2981.26	3053.79	3113.18	2959.41	3099.86	3110.53	3068.49	3044.70	3048.29	2926.97	3098.14	3034.59	3099.44	3168.03	3081.03	3047.31	2821.31	2914.98	2692.14	2989.64	3039.24	2830.90	3111.64	3014.21	2975.00	2774.58
77.20	3165.19	3146.45	3052.85	3120.28	3172.56	3055.15	3077.10	3004.90	2979.70	3052.49	3111.26	2958.01	3098.01	3109.21	3067.21	3043.24	3046.89	2926.03	3096.32	3033.46	3098.07	3166.29	3079.79	3046.01	2820.07	2913.68	2691.76	2988.11	3037.97	2829.61	3109.92	3012.69	2973.73	2773.43
77.30	3163.31	3144.78	3051.53	3118.77	3170.94	3054.02	3075.45	3003.37	2978.30	3050.92	3109.41	2956.80	3096.21	3107.91	3066.12	3041.64	3045.47	2925.06	3094.73	3032.47	3096.67	3164.63	3078.47	3045.00	2819.15	2912.79	2691.28	2986.66	3036.67	2828.22	3108.10	3011.45	2972.52	2772.38
77.40	3161.47	3143.17	3050.30	3117.20	3169.26	3052.57	3073.75	3001.51	2976.93	3049.37	3107.16	2955.45	3094.34	3106.34	3065.20	3040.15	3043.79	2924.24	3093.03	3031.38	3095.40	3163.18	3077.11	3044.01	2818.10	2912.02	2690.80	2985.17	3035.52	2826.75	3106.24	3010.20	2971.32	2771.51
77.50	3159.56	3141.47	3049.01	3115.41	3167.33	3051.08	3072.43	2999.55	2975.67	3047.53	3105.07	2954.14	3092.66	3104.94	3064.30	3038.67	3042.27	2923.15	3091.50	3030.28	3094.23	3161.50	3075.72	3042.93	2817.10	2910.92	2690.26	2983.82	3034.19	2825.50	3104.43	3008.96	2969.96	2770.69
77.60	3157.55	3139.66	3047.69	3113.52	3165.46	3049.56	3070.76	2997.88	2974.28	3045.59	3103.42	2952.82	3091.06	3103.43	3063.32	3037.10	3040.58	2921.96	3089.84	3029.06	3092.90	3159.74	3074.05	3042.00	2816.00	2909.72	2689.53	2982.53	3032.92	2824.43	3102.54	3007.97	2968.45	2769.72
77.70	3155.80	3138.20	3046.17	3111.90	3163.59	3047.90	3069.06	2996.34	2973.02	3043.80	3101.73	2951.58	3089.65	3101.81	3062.26	3035.70	3039.03	2920.33	3088.14	3027.82	3091.43	3158.04	3072.43	3040.92	2814.82	2908.43	2688.63	2981.34	3031.36	2823.58	3100.94	3006.97	2966.91	2768.81
77.80	3154.34	3136.73	3044.63	3110.45	3161.68	3046.32	3067.36	2994.74	2971.64	3042.14	3099.79	2949.88	3088.07	3100.03	3061.01	3034.39	3037.45	2918.74	3086.20	3026.42	3089.93	3156.26	3070.85	3039.58	2813.55	2906.85	2687.61	2980.29	3029.96	2822.63	3099.40	3005.60	2965.22	2767.70
77.90	3152.82	3134.97	3043.11	3109.03	3159.84	3045.04	3065.78	2993.33	2970.18	3040.56	3098.20	2948.25	3086.47	3098.39	3059.44	3032.73	3035.76	2917.01	3084.31	3025.00	3088.29	3154.45	3069.37	3037.93	2812.27	2905.18	2686.59	2979.17	3028.72	2821.83	3097.94	3004.03	2963.48	2766.60
78.00	3151.27	3133.37	3041.63	3107.86	3158.43	3043.75	3064.20	2991.99	2968.44	3039.10	3096.59	2946.57	3084.62	3096.59	3057.66	3030.99	3034.07	2915.56	3082.34	3023.49	3086.76	3152.90	3067.92	3036.27	2810.96	2903.46	2685.48	2977.72	3027.58	2820.69	3096.44	3002.55	2961.84	2765.59
78.10	3149.60	3131.65	3040.13	3106.52	3156.76	3042.30	3062.93	2990.48	2966.78	3037.59	3094.82	2944.84	3082.78	3094.61	3055.73	3029.38	3032.55	2914.22	3080.48	3021.99	3085.35	3151.28	3066.76	3034.42	2809.70	2901.76	2684.62	2976.32	3026.38	2819.43	3095.23	3000.88	2960.25	2764.75
78.20	3147.79	3129.46	3038.80	3105.05	3155.23	3041.15	3061.68	2988.95	2965.09	3036.06	3093.18	2943.07	3080.89	3092.77	3053.90	3027.63	3030.93	2913.01	3078.66	3020.44	3084.01	3149.68	3065.39	3032.52	2808.77	2900.03	2683.87	2974.57	3025.31	2818.28	3093.77	2999.16	2958.54	2764.07
78.30	3145.80	3127.31	3037.46	3103.45	3153.76	3039.83	3060.27	2987.47	2963.46	3034.54	3091.73	2941.44	3079.16	3091.18	3051.93	3025.84	3029.25	2911.69	3077.00	3019.05	3082.65	3148.17	3063.88	3030.75	2807.88	2898.23	2683.33	2972.68	3023.98	2817.43	3092.13	2997.75	2957.09	2763.50
78.40	3143.79	3125.46	3036.01	3101.92	3152.35	3038.26	3058.78	2986.19	2961.81	3032.97	3090.19	2939.87	3077.40	3089.84	3050.21	3024.34	3028.00	2910.48	3075.55	3017.75	3081.39	3146.55	3062.24	3029.28	2807.10	2896.63	2682.74	2970.84	3022.37	2816.46	3090.56	2996.81	2955.65	2762.85
78.50	3141.91	3123.64	3034.52	3100.46	3150.70	3036.75	3057.23	2984.80	2960.44	3031.46	3088.56	2938.41	3075.82	3088.56	3048.62	3022.90	3026.62	2909.10	3074.14	3016.62	3079.84	3144.84	3060.73	3027.87	2806.03	2895.23	2682.33	2969.28	3020.84	2815.75	3088.94	2995.72	2954.23	2762.04
78.60	3140.07	3122.05	3032.91	3099.26	3149.38	3035.32	3055.59	2983.45	2958.97	3030.20	3086.79	2937.23	3074.25	3087.54	3047.12	3021.28	3025.17	2907.75	3072.74	3015.51	3078.26	3143.30	3059.21	3026.46	2805.09	2893.86	2681.62	2967.51	3019.30	2815.03	3086.98	2994.71	2952.74	2761.03
78.70	3138.44	3120.96	3031.29	3098.06	3147.95	3033.66	3053.72	2982.07	2957.65	3028.89	3084.94	2936.18	3072.71	3086.42	3045.65	3019.78	3023.79	2906.59	3071.46	3014.49	3076.68	3141.63	3057.87	3025.24	2803.85	2892.54	2680.69	2966.02	3017.77	2814.25	3085.20	2993.80	2951.45	2759.96
78.80	3136.80	3119.90	3029.49	3096.71	3146.49	3032.10	3051.77	2980.73	2956.27	3027.48	3083.05	2935.17	3071.06	3085.14	3044.42	3018.33	3022.41	2905.35	3070.05	3013.49	3075.04	3139.77	3056.82	3023.83	2802.59	2891.43	2679.66	2964.59	3016.34	2813.29	3083.72	2992.69	2949.71	2758.99
78.90	3135.19	3118.78	3027.71	3095.35	3144.88	3030.75	3049.88	2979.03	2954.99	3025.99	3081.03	2934.10	3069.47	3083.52	3043.08	3016.83	3020.77	2903.99	3068.33	3012.28	3073.36	3137.90	3055.86	3022.27	2801.25	2890.20	2678.73	2963.17	3014.98	2812.33	3081.83	2991.23	2948.02	2758.12
79.00	3133.37	3117.64	3026.05	3093.68	3143.34	3029.36	3047.90	2977.41	2953.63	3024.41	3078.95	2932.87	3067.79	3081.89	3041.76	3015.29	3019.16	2902.72	3066.59	3010.98	3072.04	3136.01	3054.74	3020.72	2800.34	2888.84	2677.67	2961.59	3013.60	2811.20	3080.10	2989.70	2946.32	2757.36
79.10	3131.63	3116.36	3024.65	3091.92	3141.75	3028.04	3045.71	2975.85	2952.51	3022.62	3077.10	2931.49	3066.19	3080.21	3040.41	3013.75	3017.52	2901.40	3065.00	3009.68	3070.75	3133.97	3053.57	3019.17	2799.35	2887.43	2676.87	2960.11	3012.43	2810.07	3078.61	2987.95	2944.71	2756.69
79.20	3129.77	3114.92	3023.23	3090.19	3140.27	3026.86	3043.76	2974.36	2951.17	3020.96	3075.34	2929.95	3064.49	3078.77	3039.04	3012.28	3015.83	2899.96	3063.32	3008.24	3069.48	3131.86	3052.29	3017.50	2798.39	2886.18	2676.34	2958.72	3011.24	2808.70	3077.17	2986.14	2943.10	2755.91
79.30	3127.81	3113.47	3022.01	3088.61	3138.86	3025.72	3042.10	2972.99	2950.03	3019.57	3073.66	2928.49	3062.87	3077.48	3037.73	3010.71	3014.31	2898.78	3061.87	3006.59	3068.45	3129.86	3050.67	3016.07	2797.43	2884.88	2675.78	2957.38	3010.11	2807.29	3075.44	2984.43	2941.97	2754.95
79.40	3125.95	3111.92	3020.93	3086.87	3137.63	3024.51	3040.43	2971.84	2948.80	3018.26	3072.21	2927.05	3061.09	3076.32	3036.54	3009.14	3012.80	2897.72	3060.67	3005.04	3067.42	3127.90	3048.87	3014.82	2796.55	2883.71	2675.13	2956.05	3009.08	2806.02	3074.13	2982.78	2940.70	2753.81
79.50	3124.28	3110.48	3020.00	3085.29	3136.38	3023.36	3038.73	2970.84	2947.61	3016.99	3070.93	2925.83	3059.28	3075.15	3035.29	3007.62	3011.41	2896.66	3059.34	3003.40	3066.17	3125.99	3047.04	3013.61	2795.44	2882.61	2674.60	2954.85	3008.04	2804.81	3072.79	2981.40	2939.46	2752.62
79.60	3122.76	3109.23	3018.83	3083.68	3135.05	3022.15	3037.34	2969.80	2946.20	3015.80	3069.48	2924.48	3057.28	3073.96	3034.17	3006.14	3010.02	2895.39	3057.87	3001.98	3064.91	3124.23	3045.10	3012.47	2794.25	2881.62	2673.93	2953.86	3006.64	2803.67	3071.31	2980.36	2938.23	2751.43
79.70	3121.20	3107.77	3017.60	3082.12	3133.49	3020.82	3036.03	2968.70	2944.79	3014.43	3067.87	2923.12	3055.47	3072.39	3032.81	3004.45	3008.76	2894.00	3056.43	3000.72	3063.60	3122.70	3043.16	3011.36	2793.15	2880.39	2673.26	2952.77	3005.14	2802.72	3069.54	2979.24	2936.92	2750.16
79.80	3119.71	3106.22	3016.42	3080.70	3131.80	3019.43	3034.56	2967.31	2943.24	3012.69	3066.08	2921.74	3053.63	3070.69	3031.25	3002.76	3007.21	2892.43	3054.75	2999.66	3062.09	3121.40	3041.36	3010.02	2792.14	2879.16	2672.46	2951.50	3003.68	2801.85	3068.10	2978.16	2935.36	2748.89
79.90	3118.02	3104.76	3015.15	3079.46	3130.08	3017.96	3033.14	2965.81	2941.76	3010.90	3064.02	2920.34	3051.95	3068.91	3029.59	3001.04	3005.60	2890.76	3052.87	2998.79	3060.56	3120.14	3039.71	3008.41	2790.98	2877.73	2671.68	2950.13	3002.18	2800.96	3066.52	2977.15	2933.82	2747.75
80.00	3116.32	3102.96	3013.59	3078.23	3128.26	3016.40	3032.01	2964.06	2940.31	3009.04	3061.86	2918.65	3050.33	3067.19	3027.83	2999.11	3003.87	2889.02	3051.24	2998.04	3059.08	3118.97	3038.45	3006.80	2789.92	2876.15	2670.78	2948.69	3000.72	2800.25	3064.94	2975.92	2932.17	2746.68
80.10	3114.39	3100.89	3012.18	3077.02	3126.57	3014.75	3030.62	2962.27	2938.83	3007.12	3059.89	2917.16	3048.97	3065.44	3025.74	2997.20	3002.29	2887.48	3049.59	2996.91	3057.35	3117.67	3037.29	3005.12	2789.03	2874.59	2669.97	2946.99	2999.43	2799.43	3063.37	2974.53	2930.40	2745.68
80.20	3112.50	3098.93	3010.98	3075.73	3125.07	3013.27	3029.07	2960.62	2937.51	3005.38	3058.18	2915.79	3047.57	3064.02	3023.97	2995.39	3000.49	2886.04	3047.89	2995.60	3055.55	3116.46	3036.23	3003.21	2788.15	2873.22	2668.89	2945.18	2998.32	2798.50	3061.91	2973.13	2928.64	2745.04
80.30	3110.77	3097.08	3009.64	3074.30	3123.60	3011.88	3027.46	2959.22	2936.08	3003.83	3056.56	2914.39	3046.32	3062.49	3022.26	2993.76	2998.76	2884.52	3046.39	2994.40	3053.52	3114.95	3035.38	3001.54	2787.11	2871.74	2668.07	2943.62	2997.05	2797.62	3060.24	2971.65	2926.93	2744.58
80.40	3109.44	3095.31	3008.10	3072.78	3122.05	3010.55	3025.91	2957.88	2934.47	3002.38	3055.17	2913.09	3045.08	3060.97	3020.73	2992.21	2997.20	2883.01	3044.96	2992.89	3051.71	3113.38	3034.59	3000.22	2786.29	2870.27	2667.24	2942.21	2995.86	2796.61	3058.63	2970.14	2925.25	2744.00
80.50	3108.11	3093.88	3006.74	3071.30	3120.66	3009.43	3024.20	2956.74	2932.70	3001.10	3053.80	2911.97	3043.82	3059.42	3019.43	2990.85	2995.68	2881.68	3043.28	2991.35	3049.80	3111.58	3033.20	2998.89	2785.44	2868.96	2666.42	2940.75	2994.56	2795.39	3056.86	2968.71	2923.45	2743.42
80.60	3106.93	3092.68	3005.26	3069.84	3119.20	3008.38	3022.56	2955.85	2931.11	2999.83	3052.18	2910.71	3042.42	3058.01	3018.38	2989.35	2993.90	2880.29	3041.60	2990.12	3048.16	3109.82	3031.65	2997.59	2784.57	2867.44	2665.41	2939.43	2993.22	2794.08	3055.20	2967.36	2921.81	2742.61
80.70	3105.63	3091.54	3003.55	3068.35	3117.85	3007.19	3021.05	2954.80	2929.46	2998.31	3050.55	2909.43	3040.87	3056.57	3017.16	2987.89	2992.22	2878.90	3039.98	2989.03	3046.60	3107.78	3029.85	2996.44	2783.52	2865.79	2664.56	2938.25	2991.89	2792.88	3053.80	2966.13	2920.10	2741.48
80.80	3104.24	3090.25	3001.88	3066.78	3116.68	3005.99	3019.73	2953.56	2928.09	2996.94	3049.11	2908.11	3039.06	3055.34	3015.97	2986.17	2990.66	2877.70	3038.31	2987.56	3045.45	3105.75	3027.81	2995.15	2782.67	2864.27	2663.68	2936.78	2990.51	2791.46	3052.42	2964.85	2918.34	2740.07
80.90	3102.40	3088.86	3000.49	3065.09	3115.57	3004.95	3018.10	2952.27	2927.00	2995.42	3047.49	2906.62	3037.31	3054.16	3014.50	2984.27	2988.89	2876.43	3036.64	2986.27	3043.99	3103.76	3025.69	2993.59	2781.74	2862.97	2662.83	2935.10	2989.01	2790.05	3050.99	2963.38	2916.64	2738.72
81.00	3100.45	3087.45	2998.88	3063.37	3114.52	3003.74	3016.47	2950.90	2926.02	2993.73	3046.03	2905.09	3035.57	3053.01	3012.91	2982.36	2987.12	2874.91	3035.32	2985.01	3042.42	3101.88	3023.86	2991.90	2780.64	2861.62	2661.96	2933.49	2987.57	2788.52	3049.74	2961.93	2915.10	2737.18
81.10	3098.29	3085.76	2997.38	3061.57	3113.45	3002.64	3014.94	2949.16	2924.88	2992.04	3044.78	2903.71	3033.79	3051.61	3011.17	2980.54	2985.44	2873.44	3034.02	2983.56	3040.70	3099.87	3022.33	2990.16	2779.39	2860.41	2661.25	2931.83	2986.29	2787.36	3048.43	2960.23	2913.38	2735.87
81.20	3096.21	3084.11	2995.98	3060.04	3112.11	3001.60	3013.25	2947.30	2923.83	2990.51	3043.24	2902.33	3032.09	3050.13	3009.48	2978.56	2983.83	2871.91	3032.73	2981.97	3039.07	3097.85	3021.04	2988.50	2778.39	2859.22	2660.52	2930.11	2984.85	2786.10	3046.84	2958.49	2911.60	2734.74
81.30	3094.21	3082.57	2994.71	3058.64	3110.76	3000.47	3011.41	2945.62	2922.56	2988.82	3041.43	2901.08	3030.47	3048.66	3007.86	2976.66	2982.08	2870.31	3031.30	2980.54	3037.10	3095.94	3019.70	2986.95	2777.14	2857.95	2659.77	2928.62	2983.58	2785.05	3045.20	2956.71	2909.77	2733.80
81.40	3092.46	3081.12	2993.48	3057.37	3109.30	2999.13	3009.81	2944.03	2921.13	2987.24	3039.84	2899.91	3028.74	3047.23	3006.38	2974.85	2980.41	2868.67	3029.84	2979.01	3035.16	3094.01	3018.18	2985.29	2775.74	2856.54	2659.02	2927.29	2982.46	2783.90	3043.42	2955.13	2907.84	2732.81
81.50	3090.79	3079.61	2992.51	3056.20	3107.68	2997.79	3008.24	2942.52	2919.84	2985.77	3038.02	2898.72	3026.98	3045.61	3005.05	2972.91	2978.76	2867.08	3027.98	2977.27	3033.39	3092.04	3016.70	2983.66	2774.59	2855.06	2658.44	2925.94	2981.28	2782.97	3041.61	2953.51	2905.96	2731.95
81.60	3089.31	3078.40	2991.44	3055.24	3106.03	2996.33	3006.61	2941.24	2918.60	2984.29	3036.08	2897.46	3025.12	3044.15	3003.92	2970.74	2977.14	2865.39	3025.95	2975.37	3031.59	3090.18	3014.79	2982.02	2773.53	2853.59	2657.72	2924.62	2979.94	2781.70	3039.69	2951.97	2903.96	2730.90
81.70	3087.83	3077.15	2990.36	3053.89	3104.46	2994.87	3004.94	2940.13	2917.15	2982.93	3034.37	2896.03	3023.29	3042.66	3002.86	2968.80	2975.28	2863.70	3023.88	2973.66	3029.65	3088.38	3012.58	2980.23	2772.34	2852.04	2656.83	2923.26	2978.77	2780.63	3037.97	2950.39	2902.07	2729.64
81.80	3086.11	3075.97	2989.11	3052.44	3102.58	2993.52	3003.24	2938.99	2915.80	2981.45	3032.82	2894.44	3021.57	3041.03	3001.83	2966.78	2973.50	2861.97	3021.85	2972.04	3027.93	3086.43	3010.35	2978.14	2771.26	2850.58	2655.61	2921.66	2977.60	2779.46	3036.27	2948.88	2900.28	2728.38
81.90	3084.37	3074.52	2987.48	3051.09	3100.96	2992.19	3001.49	2937.83	2914.41	2979.98	3031.12	2892.90	3019.83	3039.30	3000.80	2964.82	2971.59	2860.41	3019.82	2970.50	3026.30	3084.39	3008.18	2976.24	2770.28	2849.08	2654.21	2920.09	2976.11	2778.53	3034.76	2947.28	2898.34	2727.01
82.00	3082.58	3073.02	2985.69	3049.38	3099.23	2990.95	2999.67	2936.62	2912.76	2978.42	3029.78	2891.42	3018.22	3037.86	2999.58	2962.89	2969.64	2858.94	3017.96	2969.17	3024.62	3082.15	3005.95	2974.24	2769.04	2847.62	2652.56	2918.55	2974.67	2777.71	3033.19	2945.51	2896.29	2725.71
82.10	3080.77	3071.32	2983.94	3047.60	3097.52	2989.81	2997.79	2935.20	2911.05	2976.84	3028.44	2889.88	3016.80	3036.40	2998.24	2961.19	2967.68	2857.40	3016.34	2968.13	3022.99	3079.82	3003.98	2972.35	2767.78	2846.15	2651.15	2916.88	2973.17	2776.91	3031.85	2943.80	2894.49	2724.56
82.20	3079.07	3069.69	2982.19	3046.12	3095.83	2988.79	2995.98	2933.80	2909.36	2975.03	3027.13	2888.54	3015.38	3034.86	2996.77	2959.21	2965.77	2855.78	3014.58	2966.82	3021.27	3077.28	3002.13	2970.39	2766.42	2844.80	2649.96	2915.15	2971.35	2775.91	3030.23	2942.09	2892.66	2723.49
82.30	3077.65	3067.96	2980.48	3044.90	3094.42	2987.61	2994.24	2932.24	2907.56	2973.41	3025.86	2887.20	3013.73	3033.49	2995.17	2957.10	2963.88	2854.10	3012.79	2965.43	3019.44	3074.64	3000.30	2968.58	2765.11	2843.21	2649.03	2913.56	2969.32	2774.92	3028.59	2940.31	2890.70	2722.24
82.40	3076.10	3066.51	2979.00	3043.51	3092.72	2986.37	2992.43	2930.60	2905.69	2971.74	3024.70	2885.84	3012.31	3032.13	2993.52	2954.86	2962.01	2852.18	3011.06	2963.91	3017.50	3071.91	2998.44	2966.59	2764.02	2841.66	2648.12	2912.01	2967.47	2773.74	3026.85	2938.54	2888.84	2721.00
82.50	3074.72	3065.13	2977.57	3042.38	3091.29	2984.93	2990.51	2928.81	2904.11	2970.16	3023.27	2884.43	3010.78	3030.51	2992.04	2952.69	2960.06	2850.10	3009.20	2962.27	3015.58	3069.24	2996.51	2964.77	2763.09	2839.89	2647.22	2910.23	2965.57	2772.33	3025.08	2936.90	2887.08	2719.50
82.60	3073.35	3063.80	2976.12	3041.11	3089.82	2983.42	2988.62	2927.21	2902.50	2968.70	3021.90	2883.10	3009.18	3028.83	2990.63	2950.44	2958.02	2848.12	3007.11	2960.58	3013.76	3066.47	2994.44	2962.70	2762.15	2837.92	2646.05	2908.34	2963.69	2770.98	3023.14	2935.08	2885.10	2717.75
82.70	3071.87	3062.34	2974.72	3039.68	3088.28	2981.80	2986.63	2925.43	2901.12	2967.37	3020.36	2881.72	3007.50	3027.38	2989.25	2948.28	2956.08	2846.22	3004.95	2959.13	3012.13	3063.80	2992.51	2960.73	2761.52	2835.77	2644.75	2906.50	2962.07	2769.67	3021.24	2933.11	2882.99	2715.90
82.80	3070.28	3060.85	2973.27	3038.22	3086.69	2980.38	2984.65	2923.70	2899.85	2965.94	3018.61	2880.46	3006.01	3025.75	2987.95	2946.46	2953.86	2844.43	3002.72	2957.58	3010.54	3061.31	2990.75	2958.74	2760.81	2833.77	2643.48	2904.57	2960.55	2768.53	3019.44	2931.11	2880.92	2714.34
82.90	3068.80	3059.24	2971.91	3036.83	3085.20	2979.08	2982.70	2921.77	2898.67	2964.45	3016.56	2879.13	3004.19	3024.11	2986.61	2944.41	2951.70	2842.75	3000.31	2956.13	3009.04	3058.94	2989.10	2956.77	2759.78	2831.63	2642.46	2902.45	2959.02	2767.34	3017.62	2929.00	2878.88	2712.97
83.00	3066.96	3057.51	2970.48	3035.39	3083.59	2978.01	2980.82	2919.86	2897.04	2962.99	3014.60	2877.73	3002.24	3022.72	2985.10	2942.23	2949.51	2841.03	2997.99	2954.70	3007.49	3056.57	2987.34	2954.67	2758.84	2829.68	2641.48	2900.55	2957.48	2766.32	3015.86	2926.76	2876.49	2711.87
83.10	3065.02	3055.75	2969.03	3034.05	3082.17	2976.84	2978.92	2917.75	2895.45	2961.44	3012.48	2876.32	3000.16	3021.44	2983.49	2939.90	2947.22	2839.22	2995.66	2953.13	3005.85	3054.18	2985.55	2952.70	2757.90	2827.91	2640.75	2899.10	2956.17	2765.26	3014.19	2924.67	2874.20	2710.92
83.20	3063.09	3054.06	2967.44	3032.79	3080.80	2975.62	2977.27	2915.78	2893.58	2959.78	3010.53	2874.96	2998.13	3019.86	2981.90	2937.53	2944.59	2837.30	2993.47	2951.19	3004.02	3051.84	2983.56	2950.63	2756.67	2826.12	2640.04	2897.86	2954.81	2764.11	3012.53	2922.85	2872.01	2710.00
83.30	3061.06	3052.51	2965.90	3031.06	3079.41	2974.19	2975.36	2913.73	2891.57	2958.14	3008.70	2873.48	2995.96	3018.27	2980.17	2934.89	2942.17	2835.41	2991.40	2949.32	3002.11	3049.38	2981.36	2948.44	2755.44	2824.38	2639.40	2896.69	2953.60	2762.56	3010.77	2921.05	2869.87	2708.76
83.40	3058.92	3050.75	2964.29	3029.38	3077.97	2972.55	2973.52	2911.93	2889.56	2956.53	3007.09	2872.21	2993.98	3016.74	2978.47	2932.53	2939.85	2833.62	2989.50	2947.28	3000.09	3046.86	2978.94	2946.36	2754.38	2822.61	2638.70	2895.77	2952.35	2761.11	3009.09	2919.25	2867.64	2707.27
83.50	3057.07	3049.07	2962.74	3027.70	3076.47	2970.82	2971.74	2910.30	2887.71	2954.82	3005.32	2870.95	2992.05	3015.06	2976.73	2930.20	2937.70	2832.03	2987.56	2945.14	2997.84	3044.45	2976.72	2944.21	2753.13	2820.92	2638.10	2894.76	2951.22	2759.56	3007.42	2917.64	2865.74	2705.63
83.60	3055.24	3047.42	2961.12	3026.04	3074.83	2969.18	2969.99	2908.77	2885.81	2953.10	3003.77	2869.75	2990.34	3013.24	2974.96	2928.02	2935.93	2830.63	2985.68	2942.86	2995.30	3042.31	2974.58	2942.13	2752.00	2819.11	2637.34	2893.53	2949.86	2758.11	3005.62	2916.14	2863.70	2703.91
83.70	3053.43	3045.88	2959.75	3024.23	3073.32	2967.50	2967.86	2907.17	2883.99	2951.56	3002.10	2868.35	2988.63	3011.53	2973.19	2925.90	2934.56	2829.27	2983.88	2940.85	2992.90	3040.25	2972.43	2940.24	2750.97	2817.45	2636.62	2892.03	2948.52	2756.81	3004.04	2914.43	2861.65	2702.34
83.80	3051.67	3044.33	2958.32	3022.73	3071.68	2965.84	2966.02	2905.75	2882.21	2950.01	3000.61	2867.04	2987.01	3009.85	2971.53	2924.00	2933.22	2827.73	2981.98	2938.95	2990.52	3038.23	2970.32	2938.46	2749.91	2815.61	2635.65	2890.64	2947.02	2755.79	3002.51	2912.78	2859.51	2700.85
83.90	3050.05	3043.21	2956.89	3021.12	3070.18	2964.40	2963.90	2904.09	2880.36	2948.51	2999.07	2865.40	2985.32	3008.09	2969.73	2922.04	2931.67	2825.94	2979.96	2937.22	2988.18	3036.29	2968.49	2936.77	2748.68	2813.87	2634.59	2889.11	2945.50	2754.84	3000.90	2911.28	2857.58	2699.57
84.00	3048.54	3042.08	2955.49	3019.53	3068.81	2962.96	2961.57	2902.32	2878.56	2947.07	2997.66	2863.93	2983.82	3006.27	2967.94	2920.18	2929.90	2823.99	2977.83	2935.61	2986.16	3034.37	2966.71	2935.12	2747.52	2811.94	2633.41	2887.52	2943.72	2753.74	2999.28	2909.71	2855.64	2698.27
84.10	3047.12	3041.00	2954.16	3017.73	3067.41	2961.42	2959.06	2900.42	2876.75	2945.61	2996.20	2862.43	2982.06	3004.42	2966.22	2918.39	2927.67	2821.87	2975.73	2934.19	2984.45	3032.29	2964.88	2933.44	2746.22	2810.20	2632.28	2885.85	2941.80	2752.59	2997.64	2907.92	2853.91	2697.07
84.20	3045.73	3039.68	2952.61	3016.13	3066.05	2959.96	2956.59	2898.53	2874.74	2943.99	2994.70	2861.08	2980.16	3002.61	2964.33	2916.54	2925.16	2819.93	2973.39	2932.69	2982.55	3030.16	2963.10	2931.80	2744.98	2808.49	2631.18	2884.45	2939.76	2751.35	2995.75	2906.16	2852.25	2695.76
84.30	3044.30	3038.27	2951.02	3014.71	3064.72	2958.59	2953.83	2896.36	2872.51	2942.41	2992.94	2859.59	2978.02	3000.82	2962.32	2914.73	2922.44	2818.17	2971.00	2931.02	2980.55	3028.20	2961.50	2930.25	2743.93	2806.84	2630.15	2882.90	2937.67	2750.01	2993.65	2904.28	2850.64	2694.59
84.40	3042.80	3036.57	2949.40	3013.30	3063.30	2957.24	2951.11	2894.16	2870.16	2940.85	2991.24	2858.36	2975.75	2998.91	2960.41	2912.94	2919.78	2816.62	2968.51	2929.10	2978.64	3026.24	2959.66	2928.54	2743.15	2805.16	2629.07	2881.33	2935.48	2748.45	2991.46	2902.36	2848.78	2693.39
84.50	3040.96	3034.78	2947.80	3011.87	3061.60	2956.03	2948.32	2891.61	2867.62	2939.19	2989.39	2857.05	2973.12	2997.02	2958.70	2911.06	2917.25	2815.23	2966.25	2927.16	2976.66	3024.18	2957.87	2927.06	2742.41	2803.51	2627.90	2879.87	2933.45	2747.02	2989.39	2900.40	2846.70	2692.27
84.60	3038.79	3032.92	2946.20	3010.53	3059.98	2955.12	2945.23	2888.99	2864.88	2937.45	2987.23	2855.66	2970.51	2994.95	2956.79	2908.93	2914.85	2813.87	2963.91	2925.08	2974.70	3022.15	2956.22	2925.58	2741.88	2801.70	2626.58	2878.43	2931.61	2745.59	2987.53	2898.54	2844.53	2691.02
84.70	3036.55	3031.12	2944.65	3008.92	3058.02	2954.20	2941.96	2886.00	2862.21	2935.73	2985.18	2854.17	2967.92	2992.65	2954.89	2906.77	2912.66	2812.10	2961.76	2922.78	2972.86	3020.09	2954.67	2923.77	2741.14	2799.57	2625.13	2876.57	2929.74	2744.15	2985.70	2896.73	2842.16	2689.77
84.80	3034.38	3029.30	2943.32	3006.87	3056.17	2953.25	2938.40	2882.93	2859.53	2933.97	2982.96	2852.75	2965.52	2990.22	2953.06	2904.18	2910.66	2810.13	2959.63	2920.46	2971.12	3017.77	2952.90	2921.91	2740.19	2797.28	2623.72	2874.65	2928.10	2742.90	2984.12	2894.99	2839.66	2688.25
84.90	3032.06	3027.56	2941.91	3004.89	3054.16	2952.00	2934.35	2879.73	2856.51	2931.91	2980.60	2851.19	2963.04	2987.83	2951.23	2901.27	2908.41	2807.71	2957.69	2918.27	2969.25	3015.37	2951.29	2920.05	2738.92	2794.99	2622.28	2872.53	2926.56	2741.82	2982.70	2893.20	2837.08	2686.48
85.00	3029.91	3025.84	2940.47	3002.83	3052.24	2950.56	2930.12	2876.35	2853.23	2929.87	2978.21	2849.40	2960.59	2985.11	2949.06	2898.12	2905.54	2804.82	2955.60	2915.86	2967.10	3012.92	2949.28	2917.93	2737.44	2792.61	2620.97	2870.20	2924.92	2740.82	2981.04	2891.33	2834.36	2684.47
85.10	3028.09	3024.08	2939.01	3000.91	3050.27	2948.69	2925.71	2872.66	2849.80	2927.89	2976.02	2847.77	2958.07	2982.52	2947.02	2894.84	2902.46	2801.42	2953.34	2913.50	2964.68	3010.51	2946.98	2915.53	2735.72	2789.98	2619.63	2867.73	2923.16	2739.66	2979.10	2889.32	2831.29	2682.49
85.20	3026.25	3022.35	2937.49	2999.07	3048.39	2946.77	2921.06	2868.66	2845.82	2925.86	2973.66	2846.06	2955.36	2980.05	2944.83	2890.89	2898.67	2797.75	2950.95	2911.58	2962.23	3008.06	2944.55	2913.23	2734.08	2787.40	2618.28	2865.44	2921.46	2738.44	2977.16	2886.95	2827.97	2680.48
85.30	3024.39	3020.42	2935.76	2997.46	3046.36	2944.63	2916.16	2864.20	2841.44	2923.63	2971.36	2844.29	2952.36	2977.53	2942.42	2886.48	2894.09	2793.38	2948.80	2909.73	2959.55	3005.86	2942.05	2910.76	2732.40	2784.89	2616.60	2863.06	2919.29	2736.99	2974.99	2884.61	2824.22	2678.58
85.40	3022.59	3018.18	2934.06	2995.53	3044.42	2942.74	2911.25	2859.30	2836.99	2921.60	2969.02	2842.40	2949.37	2974.82	2939.64	2881.27	2888.71	2788.54	2946.44	2907.91	2956.86	3003.53	2939.22	2908.12	2730.79	2782.03	2614.85	2860.78	2916.96	2735.36	2972.60	2881.95	2819.78	2676.86
85.50	3020.67	3015.95	2932.04	2993.61	3042.60	2940.68	2905.96	2854.21	2832.17	2919.54	2966.62	2840.68	2946.37	2972.34	2936.88	2874.85	2882.58	2782.72	2943.92	2906.42	2954.41	3001.00	2936.33	2905.39	2729.26	2778.81	2612.79	2858.69	2914.60	2733.56	2970.17	2878.96	2814.58	2675.33
85.60	3018.49	3013.56	2930.03	2991.23	3040.46	2938.77	2900.47	2848.88	2827.00	2917.25	2964.08	2838.55	2943.15	2969.72	2933.72	2866.56	2874.72	2775.53	2941.62	2904.87	2951.94	2997.95	2933.25	2902.40	2727.82	2775.38	2610.68	2856.45	2912.16	2731.85	2967.67	2875.49	2808.32	2673.79
85.70	3016.22	3011.11	2927.90	2988.74	3038.14	2936.63	2894.59	2843.42	2821.83	2914.82	2961.60	2836.39	2939.84	2966.97	2930.55	2856.71	2864.84	2766.25	2939.23	2902.94	2949.19	2994.43	2929.68	2898.71	2726.30	2771.37	2608.24	2854.28	2909.29	2730.18	2965.13	2871.94	2800.60	2672.19
85.80	3013.85	3008.72	2925.65	2985.98	3035.60	2934.55	2888.48	2837.99	2816.65	2912.60	2959.10	2834.01	2936.47	2964.04	2927.08	2844.16	2852.28	2754.29	2936.36	2900.74	2946.42	2989.97	2925.46	2894.31	2724.65	2766.31	2605.65	2852.05	2906.53	2728.37	2962.66	2867.38	2791.08	2670.69
85.90	3011.49	3006.47	2923.32	2983.22	3032.78	2932.13	2882.28	2832.69	2811.35	2910.09	2956.49	2831.45	2932.86	2961.25	2923.85	2828.11	2836.39	2738.62	2933.50	2898.37	2943.57	2984.80	2920.28	2888.76	2722.96	2760.34	2602.46	2850.03	2903.73	2726.64	2960.15	2862.14	2779.36	2669.22
86.00	3009.00	3004.07	2921.07	2980.20	3029.48	2929.60	2875.96	2827.55	2806.20	2907.45	2953.89	2828.60	2929.05	2958.29	2920.43	2808.06	2816.47	2719.11	2930.53	2895.42	2940.33	2978.49	2913.72	2881.65	2721.15	2753.02	2598.74	2847.80	2900.80	2724.64	2957.44	2855.80	2764.86	2667.64
86.10	3006.45	3001.69	2918.55	2977.13	3026.03	2926.51	2869.78	2822.60	2801.11	2904.71	2951.07	2825.79	2925.25	2955.13	2917.15	2784.15	2792.43	2696.10	2927.10	2892.20	2936.82	2970.73	2905.36	2872.81	2719.11	2743.96	2594.06	2845.65	2897.72	2722.36	2954.54	2848.22	2746.97	2665.84
86.20	3003.76	2998.84	2915.76	2973.70	3022.06	2922.96	2863.92	2818.06	2795.90	2901.86	2947.87	2822.69	2921.40	2951.61	2913.57	2756.44	2764.93	2670.73	2923.34	2888.74	2933.24	2960.73	2894.27	2861.67	2717.04	2733.12	2588.56	2843.05	2894.92	2719.60	2951.13	2838.52	2725.57	2663.70
86.30	3000.80	2995.82	2912.71	2969.74	3017.50	2918.79	2858.51	2813.76	2790.93	2898.39	2944.24	2819.56	2917.54	2948.01	2910.20	2727.01	2735.76	2644.93	2919.10	2884.85	2929.24	2947.86	2879.59	2847.21	2714.93	2721.06	2582.47	2840.33	2892.01	2716.52	2947.15	2826.91	2701.44	2660.63
86.40	2997.37	2992.49	2909.38	2965.20	3012.40	2914.03	2853.34	2809.72	2786.21	2894.85	2940.25	2816.60	2913.70	2943.94	2906.52	2698.65	2707.08	2620.98	2914.07	2880.22	2924.53	2930.92	2860.39	2828.49	2712.71	2708.49	2576.32	2836.91	2888.85	2712.53	2942.71	2812.65	2676.14	2656.28
86.50	2993.75	2988.80	2905.74	2959.94	3006.59	2908.70	2848.60	2805.73	2781.64	2890.92	2935.68	2813.38	2909.75	2939.61	2902.65	2673.66	2681.36	2600.78	2908.18	2875.03	2919.16	2909.23	2835.98	2804.72	2710.41	2696.22	2570.63	2832.97	2885.57	2708.04	2937.68	2795.60	2651.51	2650.49
86.60	2989.78	2984.71	2901.85	2953.76	2999.91	2903.21	2843.97	2801.77	2777.43	2886.58	2930.95	2809.88	2905.63	2935.31	2898.79	2653.67	2660.97	2585.36	2901.39	2868.95	2912.86	2881.82	2805.95	2775.68	2707.88	2685.02	2565.76	2828.64	2882.18	2702.58	2932.13	2775.39	2629.94	2643.12
86.70	2985.24	2980.50	2897.84	2946.84	2992.64	2897.30	2839.39	2797.71	2773.69	2881.68	2925.76	2806.21	2901.35	2931.28	2895.17	2639.59	2646.44	2574.92	2893.25	2861.67	2905.24	2848.72	2771.87	2742.58	2704.92	2675.79	2562.11	2824.13	2878.53	2696.79	2926.10	2752.43	2613.12	2634.27
86.80	2980.27	2975.79	2893.58	2939.31	2984.81	2890.73	2834.77	2793.61	2769.85	2876.62	2920.22	2802.09	2897.06	2927.27	2891.47	2630.86	2637.13	2568.69	2883.62	2852.78	2895.99	2811.33	2736.09	2707.65	2701.81	2668.49	2559.53	2818.99	2874.80	2690.71	2919.54	2727.29	2601.28	2624.69
86.90	2975.06	2970.69	2889.01	2931.01	2975.85	2883.36	2829.96	2789.17	2765.73	2870.96	2914.16	2797.11	2892.82	2923.44	2887.89	2625.76	2632.07	2565.40	2872.05	2842.15	2884.93	2772.32	2701.80	2673.99	2698.41	2662.26	2557.85	2813.50	2871.17	2685.03	2912.40	2701.54	2593.83	2615.18
87.00	2969.35	2965.07	2884.10	2921.97	2966.05	2875.09	2824.76	2784.53	2761.49	2864.71	2907.51	2791.84	2888.81	2919.80	2884.64	2623.09	2629.84	2563.73	2857.98	2828.81	2871.19	2734.49	2671.90	2644.67	2694.55	2656.85	2556.43	2807.53	2867.47	2679.75	2904.87	2677.05	2589.74	2606.50
87.10	2963.02	2959.05	2878.88	2912.05	2955.31	2865.48	2819.25	2779.61	2756.73	2857.91	2899.84	2785.97	2885.17	2916.26	2881.35	2621.81	2628.63	2563.10	2840.60	2812.18	2854.28	2701.51	2648.84	2621.77	2690.43	2652.15	2555.51	2800.81	2863.91	2675.47	2896.68	2655.56	2587.67	2599.36
87.20	2956.56	2952.75	2873.33	2900.91	2943.43	2854.75	2813.41	2774.15	2751.41	2850.55	2891.43	2779.46	2881.81	2912.68	2878.19	2621.21	2627.80	2562.64	2819.16	2791.45	2833.21	2675.90	2632.96	2605.75	2686.01	2647.24	2554.66	2793.20	2860.54	2671.58	2887.93	2638.52	2586.43	2594.16
87.30	2949.65	2946.04	2867.39	2888.31	2929.95	2842.79	2806.67	2767.92	2745.50	2842.23	2882.09	2772.31	2878.44	2909.21	2875.18	2620.69	2627.21	2562.07	2793.20	2767.14	2807.53	2658.19	2623.29	2595.77	2681.04	2641.89	2554.00	2785.09	2857.32	2668.04	2878.46	2626.32	2585.59	2590.55
87.40	2942.16	2938.99	2861.00	2873.74	2914.90	2829.32	2799.09	2760.78	2738.85	2832.72	2871.76	2764.57	2875.05	2905.96	2872.32	2620.42	2626.43	2561.49	2763.13	2739.66	2777.43	2647.19	2618.02	2590.32	2675.29	2636.49	2553.27	2776.21	2854.25	2664.60	2867.89	2618.42	2584.69	2588.08
87.50	2934.11	2931.58	2854.20	2856.66	2897.23	2813.70	2790.26	2752.26	2730.90	2821.95	2860.12	2755.48	2871.55	2902.74	2869.37	2620.04	2625.52	2560.95	2730.49	2711.09	2744.76	2641.40	2615.49	2587.63	2668.82	2630.88	2552.70	2766.84	2851.39	2661.19	2855.76	2613.59	2583.81	2586.15
87.60	2925.78	2923.67	2846.72	2836.76	2876.26	2795.44	2779.45	2741.91	2721.40	2809.51	2847.10	2744.95	2867.78	2899.69	2866.43	2619.47	2624.85	2560.09	2697.58	2683.51	2711.71	2638.82	2614.15	2586.39	2661.29	2624.70	2552.14	2756.71	2848.56	2657.62	2841.80	2611.04	2582.87	2584.31
87.70	2916.71	2914.87	2838.43	2813.54	2851.32	2773.87	2766.06	2729.40	2709.74	2794.76	2831.77	2732.62	2863.88	2896.66	2863.35	2618.51	2624.46	2559.44	2667.40	2659.72	2681.36	2637.61	2613.38	2585.85	2652.39	2618.11	2551.72	2745.60	2845.58	2653.91	2825.07	2609.55	2581.80	2582.27
87.80	2907.01	2905.30	2829.48	2786.70	2822.65	2749.02	2750.20	2714.88	2695.95	2777.19	2813.51	2717.90	2859.95	2893.54	2860.09	2617.59	2624.12	2558.88	2642.65	2641.02	2656.27	2636.80	2612.76	2585.53	2641.61	2611.03	2551.12	2732.88	2842.42	2649.85	2804.93	2608.43	2580.70	2580.11
87.90	2896.38	2894.61	2819.64	2757.65	2791.01	2721.53	2732.15	2698.71	2680.24	2756.66	2791.58	2700.41	2855.98	2890.08	2856.33	2616.60	2623.98	2558.28	2624.46	2628.04	2637.85	2636.15	2612.34	2585.30	2629.06	2603.41	2550.58	2718.22	2839.04	2645.35	2781.28	2607.67	2579.85	2577.85
88.00	2884.47	2882.37	2808.51	2727.86	2758.71	2693.09	2712.99	2682.09	2663.70	2733.36	2766.38	2680.76	2851.66	2886.42	2852.20	2615.86	2623.91	2557.74	2612.52	2619.99	2625.66	2635.67	2612.12	2584.94	2614.81	2595.41	2550.25	2700.92	2835.48	2640.25	2754.45	2607.24	2579.00	2575.63
88.10	2870.68	2867.83	2795.68	2699.31	2728.10	2665.76	2694.22	2666.27	2647.30	2708.18	2738.27	2659.71	2846.60	2881.90	2847.39	2615.18	2623.70	2557.60	2605.76	2615.72	2618.64	2635.15	2612.17	2584.54	2599.49	2587.30	2549.98	2681.42	2831.71	2634.85	2725.54	2606.80	2578.18	2573.64
88.20	2854.59	2850.46	2780.48	2674.31	2701.63	2641.70	2677.16	2652.68	2632.65	2682.85	2709.39	2638.37	2840.66	2876.31	2841.54	2614.89	2623.45	2557.27	2602.52	2613.64	2615.04	2634.62	2612.09	2583.77	2584.24	2579.63	2549.56	2660.51	2827.94	2629.60	2696.87	2606.37	2577.72	2571.77
88.30	2835.16	2829.60	2762.05	2654.75	2681.00	2622.62	2663.31	2641.83	2620.61	2659.44	2681.89	2618.61	2833.32	2869.28	2834.40	2614.68	2623.29	2557.17	2600.83	2612.78	2613.39	2634.18	2612.17	2583.15	2570.47	2572.95	2549.38	2639.51	2824.11	2624.80	2670.75	2606.28	2577.32	2570.14
88.40	2811.91	2804.84	2739.98	2640.50	2666.66	2608.91	2652.94	2634.28	2611.81	2639.59	2658.31	2602.21	2823.74	2860.56	2825.79	2614.58	2623.03	2557.42	2599.91	2612.35	2612.59	2633.83	2612.15	2582.53	2559.16	2567.41	2549.29	2620.16	2819.76	2620.80	2648.90	2606.15	2576.84	2568.74
88.50	2784.99	2777.20	2714.70	2631.38	2657.59	2600.12	2645.66	2629.30	2605.81	2624.41	2639.77	2589.62	2811.52	2849.24	2814.84	2614.42	2622.71	2557.78	2599.23	2612.21	2612.16	2633.60	2612.01	2582.09	2550.91	2563.20	2549.07	2604.07	2814.53	2617.90	2632.51	2606.07	2576.48	2567.70
88.60	2754.99	2748.23	2687.56	2626.14	2652.61	2595.01	2641.04	2626.20	2602.29	2613.96	2626.95	2580.89	2796.19	2834.79	2800.83	2614.50	2622.51	2557.88	2598.67	2612.30	2611.79	2633.30	2611.67	2581.65	2545.65	2560.35	2548.65	2591.94	2807.88	2615.97	2621.68	2606.11	2576.31	2566.85
88.70	2723.42	2720.01	2660.60	2623.64	2650.11	2592.49	2638.53	2624.35	2600.31	2607.54	2619.17	2575.65	2776.29	2816.57	2783.06	2614.45	2622.14	2557.92	2598.17	2612.41	2611.52	2633.19	2611.33	2581.47	2542.72	2558.43	2548.29	2583.73	2799.00	2614.63	2615.00	2606.20	2576.02	2566.22
88.80	2693.07	2694.82	2635.91	2622.54	2648.63	2591.01	2636.99	2623.37	2599.24	2603.97	2615.00	2572.71	2751.70	2794.01	2761.25	2614.38	2621.61	2557.82	2597.76	2612.36	2611.30	2632.94	2610.85	2581.26	2541.42	2557.02	2547.67	2578.98	2787.02	2613.61	2611.33	2606.12	2575.78	2565.78
88.90	2666.32	2674.71	2615.62	2622.30	2647.67	2590.19	2635.99	2622.50	2598.62	2602.23	2612.86	2570.86	2723.11	2767.23	2735.85	2614.20	2621.22	2557.28	2597.50	2612.26	2611.03	2632.65	2610.52	2581.03	2540.82	2556.05	2547.09	2576.47	2772.12	2612.82	2609.66	2606.06	2575.65	2565.61
89.00	2644.63	2659.89	2600.61	2622.33	2646.97	2589.54	2635.47	2621.94	2598.25	2601.41	2611.92	2569.73	2692.07	2737.71	2708.20	2614.11	2620.94	2556.54	2597.46	2612.13	2610.90	2632.28	2610.18	2580.73	2540.30	2555.20	2546.49	2575.28	2754.59	2612.20	2609.09	2605.90	2575.47	2565.49
89.10	2629.08	2650.38	2590.61	2622.56	2646.20	2589.12	2635.00	2621.74	2597.96	2600.92	2611.45	2569.00	2660.72	2707.86	2680.87	2613.74	2620.67	2555.91	2597.35	2611.77	2610.90	2632.03	2609.73	2580.27	2539.81	2554.38	2546.10	2574.75	2735.73	2611.38	2608.65	2605.62	2575.12	2565.43
89.20	2619.18	2645.05	2584.58	2622.48	2645.56	2588.59	2634.70	2621.45	2597.75	2600.60	2610.78	2568.34	2632.29	2680.14	2656.24	2613.37	2620.44	2555.50	2597.25	2611.48	2610.98	2631.50	2609.39	2579.81	2539.27	2553.67	2545.82	2574.55	2716.84	2610.65	2608.50	2605.49	2574.91	2565.53
89.30	2613.46	2642.30	2581.58	2622.22	2645.42	2588.19	2634.44	2621.15	2597.63	2600.28	2610.25	2567.90	2609.02	2657.13	2635.99	2613.02	2620.32	2554.99	2597.47	2611.21	2610.99	2631.30	2608.95	2579.26	2538.73	2553.20	2545.78	2574.36	2699.99	2610.27	2608.33	2605.49	2574.68	2565.44
89.40	2610.35	2641.10	2580.13	2621.85	2645.22	2587.90	2634.37	2621.04	2597.43	2599.99	2609.93	2567.56	2591.90	2640.23	2621.07	2612.87	2620.29	2554.75	2597.40	2611.11	2610.94	2631.29	2608.40	2578.89	2538.15	2552.83	2545.69	2574.30	2686.33	2610.07	2607.99	2605.39	2574.48	2565.17
89.50	2608.98	2640.65	2579.45	2621.43	2645.05	2587.83	2634.30	2620.98	2597.19	2599.53	2609.54	2567.35	2580.69	2629.24	2611.66	2612.59	2620.17	2554.58	2597.04	2610.80	2610.87	2631.18	2607.97	2578.64	2537.86	2552.75	2545.68	2574.20	2676.43	2609.85	2607.41	2605.14	2574.43	2565.01
89.60	2608.10	2640.25	2579.15	2620.72	2645.02	2587.75	2634.43	2620.81	2597.13	2599.04	2609.21	2567.08	2574.22	2622.82	2606.08	2612.48	2620.07	2554.45	2596.83	2610.71	2610.56	2631.07	2607.75	2578.56	2537.58	2552.72	2545.63	2574.11	2669.73	2609.86	2606.82	2605.00	2574.47	2564.71
89.70	2607.37	2639.72	2578.91	2620.09	2644.88	2587.67	2634.19	2620.73	2597.01	2598.40	2609.01	2566.73	2570.86	2619.63	2603.07	2612.45	2620.09	2554.30	2596.58	2610.57	2610.21	2631.14	2607.44	2578.49	2537.40	2552.53	2545.51	2573.93	2665.89	2609.81	2606.32	2604.62	2574.28	2564.30
89.80	2606.76	2639.26	2578.56	2619.47	2644.32	2587.63	2633.92	2620.65	2596.75	2597.80	2608.82	2566.39	2569.11	2618.10	2601.67	2612.42	2620.12	2554.42	2596.01	2610.58	2609.98	2631.05	2607.41	2578.49	2537.07	2552.19	2545.50	2573.56	2663.90	2609.71	2605.99	2604.06	2574.09	2564.10
89.90	2606.39	2638.53	2578.25	2618.69	2643.69	2587.46	2633.58	2620.55	2596.41	2597.23	2608.44	2566.22	2567.98	2617.19	2600.97	2612.18	2620.07	2554.39	2595.75	2610.48	2609.70	2630.74	2607.44	2578.22	2537.06	2551.71	2545.46	2573.19	2662.78	2609.46	2605.77	2603.65	2573.94	2564.14
90.00	2605.83	2637.75	2578.01	2617.95	2643.12	2587.07	2633.18	2620.34	2596.19	2596.88	2608.20	2565.96	2567.01	2616.46	2600.07	2612.05	2620.17	2554.54	2595.64	2610.45	2609.24	2630.45	2607.31	2577.90	2537.04	2550.99	2545.47	2572.91	2662.00	2609.14	2605.57	2603.59	2573.64	2563.93
90.10	2605.42	2636.99	2577.70	2617.69	2642.50	2586.62	2632.62	2620.08	2595.72	2596.69	2608.03	2565.76	2566.34	2615.80	2599.42	2612.00	2620.09	2554.69	2595.51	2610.19	2608.98	2630.03	2607.13	2577.59	2536.99	2550.31	2545.43	2572.54	2661.67	2608.76	2605.72	2603.54	2573.33	2563.89
90.20	2605.10	2636.32	2577.72	2617.44	2642.16	2586.22	2632.36	2619.91	2595.17	2596.83	2608.00	2565.72	2565.91	2615.17	2598.79	2611.94	2620.04	2554.71	2595.34	2609.96	2608.46	2629.71	2607.03	2577.17	2536.93	2549.96	2545.36	2572.22	2661.30	2608.62	2605.84	2603.69	2573.29	2563.85
90.30	2604.80	2635.83	2577.82	2617.26	2642.00	2585.78	2632.14	2619.79	2594.83	2597.04	2607.97	2565.50	2565.52	2614.55	2598.36	2611.94	2619.88	2554.54	2595.21	2609.36	2607.85	2629.37	2606.66	2576.72	2536.88	2549.61	2545.02	2572.08	2660.84	2608.32	2605.86	2603.76	2573.22	2563.77
90.40	2604.40	2635.61	2577.90	2617.29	2642.07	2585.46	2631.97	2619.63	2594.73	2597.21	2608.05	2565.36	2565.51	2613.89	2597.98	2612.06	2619.59	2554.54	2594.96	2608.78	2607.34	2629.02	2606.37	2576.53	2536.73	2549.34	2544.67	2571.99	2660.53	2608.18	2606.02	2603.70	2572.99	2563.50
90.50	2604.25	2635.64	2577.75	2617.32	2642.16	2585.15	2631.83	2619.50	2594.58	2597.28	2607.90	2565.28	2565.61	2613.22	2597.98	2612.16	2619.15	2554.40	2594.75	2608.32	2606.90	2628.81	2606.12	2576.14	2536.38	2549.21	2544.19	2571.80	2660.39	2608.18	2606.12	2603.44	2572.82	2563.43
90.60	2603.99	2635.86	2577.71	2617.17	2642.25	2584.95	2631.85	2619.43	2594.38	2597.33	2607.49	2565.16	2565.46	2612.81	2597.92	2611.95	2618.93	2554.25	2594.37	2608.16	2606.51	2628.72	2605.89	2575.84	2536.27	2548.97	2543.86	2571.69	2660.11	2608.16	2605.81	2603.05	2572.63	2563.24
90.70	2603.80	2636.03	2577.37	2617.05	2642.06	2584.71	2631.79	2619.20	2594.44	2597.17	2607.01	2564.87	2565.15	2612.48	2598.12	2611.65	2618.59	2554.36	2593.82	2608.02	2606.49	2628.55	2605.62	2575.73	2536.10	2548.64	2543.65	2571.57	2660.04	2607.85	2605.53	2602.69	2572.21	2562.96
90.80	2603.46	2636.15	2577.22	2616.89	2641.93	2584.59	2631.74	2618.98	2594.36	2596.94	2606.64	2564.78	2565.08	2612.23	2598.16	2611.38	2618.29	2554.56	2593.30	2608.14	2606.42	2628.40	2605.57	2575.75	2536.16	2548.53	2543.56	2571.44	2660.08	2607.75	2605.27	2602.63	2571.98	2562.83
90.90	2603.26	2636.25	2577.11	2616.70	2641.74	2584.38	2631.41	2618.92	2594.10	2596.79	2606.28	2564.50	2564.81	2612.24	2598.19	2611.19	2618.18	2554.71	2592.72	2608.04	2606.42	2628.23	2605.29	2575.58	2536.15	2548.48	2543.60	2571.18	2660.13	2607.41	2604.75	2602.55	2571.68	2562.65
91.00	2602.77	2636.09	2577.04	2616.36	2641.49	2584.23	2631.22	2618.88	2593.81	2596.63	2606.09	2564.26	2564.58	2612.28	2598.23	2610.84	2618.16	2554.86	2592.01	2607.83	2606.50	2627.86	2605.22	2575.78	2536.30	2548.35	2543.80	2571.07	2660.20	2606.85	2604.24	2602.56	2571.28	2562.43
91.10	2602.47	2635.86	2576.86	2615.87	2641.34	2584.02	2630.91	2618.83	2593.69	2596.43	2606.16	2564.04	2564.53	2612.35	2598.38	2610.60	2618.06	2554.92	2591.62	2607.22	2606.56	2627.54	2605.10	2575.78	2536.29	2548.35	2543.86	2571.01	2660.31	2606.40	2604.14	2602.62	2570.83	2562.32
91.20	2602.15	2635.82	2576.83	2615.49	2641.44	2583.85	2630.77	2618.78	2593.41	2596.34	2606.18	2564.01	2564.57	2612.38	2598.41	2610.47	2617.95	2554.64	2591.63	2606.56	2606.45	2627.15	2605.08	2575.62	2536.37	2548.11	2543.67	2571.03	2660.29	2606.16	2603.96	2602.44	2570.58	2562.36
91.30	2602.27	2635.89	2576.43	2615.28	2641.47	2583.54	2630.61	2618.69	2593.34	2596.29	2606.14	2563.94	2564.40	2612.40	2598.37	2610.26	2617.96	2554.40	2591.67	2606.04	2606.51	2626.78	2604.92	2575.31	2536.16	2547.80	2543.49	2571.10	2660.32	2605.89	2603.74	2602.18	2570.21	2562.10
91.40	2602.33	2635.67	2576.09	2614.95	2641.28	2583.23	2630.81	2618.36	2593.50	2596.16	2606.12	2563.93	2564.28	2612.16	2598.34	2610.02	2617.86	2554.15	2591.87	2605.82	2606.63	2626.50	2604.95	2575.16	2536.00	2547.61	2543.16	2571.18	2660.20	2605.86	2603.78	2602.16	2570.08	2561.98
91.50	2602.80	2635.72	2575.89	2614.80	2641.08	2583.02	2630.88	2617.90	2593.69	2596.03	2606.09	2563.75	2564.12	2612.07	2598.25	2609.89	2617.69	2553.93	2592.19	2605.62	2606.76	2626.45	2604.90	2574.80	2535.86	2547.56	2542.83	2571.27	2660.00	2606.16	2604.09	2601.97	2570.22	2561.85
91.60	2603.20	2635.87	2575.87	2614.72	2640.89	2582.73	2630.99	2617.59	2593.92	2595.95	2606.05	2563.65	2563.97	2611.91	2598.06	2609.99	2617.66	2553.80	2592.20	2606.02	2606.71	2626.34	2604.94	2574.43	2535.75	2547.46	2542.54	2571.30	2659.82	2606.37	2603.99	2601.79	2570.56	2561.75
91.70	2603.63	2635.90	2575.63	2614.57	2640.62	2582.53	2630.90	2617.50	2594.16	2595.78	2606.08	2563.46	2563.94	2611.76	2597.98	2610.06	2617.66	2553.93	2591.95	2606.39	2606.72	2626.27	2604.84	2574.21	2535.57	2547.64	2542.48	2571.23	2659.60	2606.47	2603.89	2601.82	2570.70	2561.69
91.80	2603.68	2635.74	2575.68	2614.30	2640.35	2582.39	2630.70	2617.51	2594.16	2595.62	2606.00	2563.24	2563.97	2611.58	2597.92	2610.09	2617.67	2553.87	2591.74	2606.55	2606.70	2626.32	2604.94	2574.15	2535.53	2547.74	2542.48	2571.17	2659.30	2606.40	2603.81	2601.74	2570.80	2561.75
91.90	2603.76	2635.93	2575.63	2614.21	2640.29	2582.20	2630.45	2617.57	2593.91	2595.45	2605.94	2563.01	2564.00	2611.60	2597.88	2610.10	2617.76	2553.61	2591.23	2606.48	2606.42	2626.30	2605.12	2573.98	2535.42	2547.59	2542.55	2571.13	2659.10	2606.07	2603.53	2601.35	2570.76	2561.76
92.00	2603.61	2635.99	2575.49	2614.11	2640.33	2582.01	2630.31	2617.89	2593.73	2595.38	2605.94	2562.98	2564.02	2611.37	2597.69	2610.24	2617.85	2553.42	2590.81	2606.43	2606.05	2626.09	2605.15	2573.89	2535.12	2547.41	2542.48	2570.96	2658.94	2605.55	2603.09	2601.06	2570.44	2561.60
92.10	2603.41	2635.76	2575.19	2614.11	2640.17	2581.92	2630.14	2618.12	2593.42	2595.21	2605.63	2562.85	2563.98	2611.15	2597.60	2610.28	2617.65	2553.06	2590.63	2605.74	2605.83	2625.85	2605.07	2574.09	2534.70	2547.32	2542.42	2570.67	2658.63	2605.15	2602.95	2600.79	2570.04	2561.37
92.20	2603.07	2635.47	2575.07	2614.15	2639.88	2581.73	2629.98	2618.03	2593.11	2595.14	2605.21	2562.69	2563.62	2610.99	2597.36	2610.33	2617.49	2552.49	2590.60	2605.18	2605.62	2625.57	2605.13	2574.16	2534.33	2547.28	2542.30	2570.30	2658.46	2604.78	2602.95	2600.48	2569.79	2561.21
92.30	2602.81	2635.19	2574.73	2614.27	2639.53	2581.57	2630.01	2617.81	2592.96	2595.17	2604.84	2562.53	2563.27	2610.91	2597.22	2610.38	2617.10	2552.14	2590.40	2604.80	2605.35	2625.15	2605.08	2574.11	2533.93	2547.25	2542.20	2569.91	2658.45	2604.60	2603.11	2600.26	2569.60	2561.09
92.40	2602.51	2634.69	2574.38	2614.37	2639.12	2581.54	2629.96	2617.77	2592.87	2595.32	2604.36	2562.36	2562.74	2610.77	2597.21	2610.40	2616.67	2552.11	2590.62	2604.60	2605.25	2624.92	2604.79	2574.18	2533.64	2547.34	2542.14	2569.68	2658.39	2604.62	2603.40	2600.26	2569.52	2560.95
92.50	2602.10	2633.99	2574.19	2614.43	2638.57	2581.48	2629.83	2617.43	2592.79	2595.35	2603.80	2562.21	2562.23	2610.87	2597.21	2610.25	2616.34	2551.86	2590.75	2604.62	2605.13	2624.85	2604.59	2574.24	2533.60	2547.30	2542.15	2569.55	2658.26	2604.56	2603.66	2600.29	2569.69	2561.05
92.60	2601.80	2633.56	2574.11	2614.47	2638.24	2581.56	2629.74	2617.12	2592.82	2595.51	2603.59	2562.09	2561.80	2610.96	2597.05	2610.00	2616.33	2551.76	2590.81	2605.00	2604.94	2624.85	2604.37	2573.97	2533.67	2547.21	2542.18	2569.58	2658.29	2604.45	2603.88	2600.37	2569.78	2561.18
92.70	2601.76	2633.16	2574.03	2614.40	2638.04	2581.76	2629.72	2617.00	2592.92	2595.53	2603.68	2562.13	2561.55	2611.05	2596.89	2609.66	2616.35	2551.97	2590.81	2605.13	2604.70	2624.94	2603.87	2573.73	2533.58	2546.94	2542.21	2569.77	2658.24	2604.31	2604.01	2600.28	2569.80	2560.99
92.80	2601.74	2632.79	2574.08	2614.25	2637.94	2581.87	2629.70	2616.85	2593.03	2595.40	2603.85	2562.21	2561.21	2611.04	2596.66	2609.22	2616.52	2552.00	2590.86	2605.12	2604.61	2625.04	2603.18	2573.59	2533.54	2546.66	2542.25	2569.88	2657.98	2604.05	2603.82	2600.11	2569.73	2560.72
92.90	2601.66	2632.67	2574.14	2613.96	2637.94	2581.94	2629.59	2616.62	2593.15	2595.17	2604.20	2562.29	2561.12	2611.04	2596.16	2608.87	2616.65	2551.78	2590.68	2604.95	2604.38	2624.89	2602.53	2573.38	2533.25	2546.34	2542.31	2569.76	2657.75	2603.76	2603.43	2599.80	2569.61	2560.50
93.00	2601.78	2632.76	2573.94	2613.87	2638.05	2581.86	2629.53	2616.68	2592.98	2594.97	2604.70	2562.20	2561.09	2610.84	2595.84	2608.51	2616.71	2551.81	2590.41	2604.50	2604.36	2624.76	2601.90	2573.04	2532.85	2546.16	2542.54	2569.52	2657.70	2603.67	2602.80	2599.62	2569.23	2560.11
93.10	2601.67	2632.73	2573.56	2613.64	2638.10	2581.63	2629.33	2616.51	2592.82	2594.64	2605.05	2562.16	2560.93	2610.65	2595.68	2608.21	2616.58	2551.88	2590.08	2604.03	2604.32	2624.55	2601.35	2572.93	2532.36	2545.81	2542.75	2569.30	2657.68	2603.51	2602.07	2599.35	2568.70	2559.60
93.20	2601.24	2632.73	2573.21	2613.47	2637.95	2581.35	2629.07	2616.43	2592.53	2594.26	2605.18	2562.08	2560.91	2610.36	2595.44	2608.07	2616.43	2551.59	2589.76	2603.79	2604.11	2624.32	2601.14	2572.85	2532.09	2545.52	2542.98	2569.05	2657.65	2603.43	2601.30	2599.42	2568.27	2559.41
93.30	2600.81	2632.82	2572.91	2613.32	2637.78	2581.18	2628.68	2616.48	2592.01	2594.04	2605.18	2562.12	2561.07	2610.17	2595.22	2608.19	2616.26	2551.35	2589.62	2603.79	2603.72	2624.07	2601.27	2572.66	2531.86	2545.26	2543.00	2568.78	2657.65	2603.54	2600.85	2599.52	2567.93	2559.50
93.40	2600.62	2632.74	2572.58	2613.33	2637.61	2580.94	2628.53	2616.42	2591.45	2593.88	2604.98	2562.06	2561.18	2609.97	2595.18	2608.13	2616.26	2551.21	2589.47	2603.89	2603.59	2624.01	2601.51	2572.48	2531.76	2544.96	2542.79	2568.72	2657.69	2603.64	2600.66	2599.69	2567.65	2559.51
93.50	2600.34	2632.60	2572.46	2613.03	2637.45	2580.85	2628.35	2616.08	2591.26	2593.80	2604.64	2561.98	2561.15	2609.83	2595.09	2608.06	2616.27	2550.96	2589.34	2604.13	2603.32	2623.96	2601.97	2572.36	2531.71	2544.76	2542.14	2568.73	2657.52	2603.51	2600.94	2599.61	2567.58	2559.65
93.60	2600.34	2632.59	2572.57	2612.83	2637.25	2580.68	2628.31	2616.03	2591.01	2593.87	2604.42	2561.86	2561.30	2609.62	2594.99	2608.02	2616.39	2550.75	2589.28	2604.24	2603.13	2623.90	2602.43	2572.14	2531.81	2544.72	2541.43	2568.65	2657.23	2603.51	2601.15	2599.52	2567.72	2559.90
93.70	2600.56	2632.66	2572.60	2612.75	2637.38	2580.51	2628.33	2615.87	2591.01	2594.08	2604.14	2561.68	2561.28	2609.35	2595.27	2607.90	2616.49	2550.83	2589.17	2604.28	2603.18	2623.76	2602.77	2571.96	2531.86	2544.71	2540.73	2568.63	2656.98	2603.56	2601.38	2599.18	2567.94	2560.09
93.80	2600.78	2632.59	2572.49	2612.73	2637.45	2580.29	2628.41	2615.59	2591.23	2594.14	2604.03	2561.32	2561.09	2609.10	2595.50	2607.70	2616.55	2551.04	2588.96	2603.98	2603.22	2623.72	2602.82	2571.87	2531.79	2544.71	2540.14	2568.50	2656.82	2603.36	2601.47	2598.81	2568.06	2560.01
93.90	2600.77	2632.54	2572.44	2612.59	2637.25	2579.97	2628.26	2615.27	2591.44	2593.98	2604.07	2561.26	2560.90	2608.78	2595.64	2607.57	2616.31	2551.41	2588.89	2603.72	2603.20	2623.52	2602.93	2571.86	2531.90	2544.90	2539.87	2568.05	2656.58	2603.18	2601.58	2598.47	2568.05	2559.95
94.00	2600.82	2632.47	2572.34	2612.73	2637.06	2579.68	2628.24	2615.19	2591.42	2593.71	2604.11	2561.32	2560.88	2608.48	2595.81	2607.60	2616.02	2551.77	2588.76	2603.25	2603.24	2623.17	2602.64	2572.01	2532.05	2544.85	2539.95	2567.59	2656.50	2603.16	2601.36	2598.26	2567.87	2559.86
94.10	2600.76	2632.24	2572.11	2612.77	2636.91	2579.58	2628.19	2614.97	2591.32	2593.35	2604.01	2561.33	2560.72	2608.32	2595.89	2607.58	2615.52	2552.07	2588.59	2602.93	2603.24	2622.82	2602.34	2572.23	2532.19	2544.82	2540.13	2567.23	2656.42	2603.13	2601.27	2598.07	2567.71	2559.68
94.20	2600.60	2631.82	2571.94	2612.73	2636.65	2579.46	2628.09	2614.83	2590.86	2593.07	2604.01	2561.22	2560.52	2608.48	2595.57	2607.53	2615.06	2552.32	2588.37	2602.53	2603.32	2622.51	2601.96	2572.40	2532.31	2544.72	2540.26	2566.91	2656.51	2602.84	2601.20	2597.89	2567.32	2559.31
94.30	2600.30	2631.50	2571.92	2612.47	2636.54	2579.33	2627.94	2614.83	2590.23	2592.74	2603.97	2561.17	2560.30	2608.64	2595.27	2607.24	2614.78	2552.37	2588.16	2602.43	2603.54	2622.11	2601.70	2572.55	2532.30	2544.71	2540.39	2566.89	2656.49	2602.70	2601.09	2597.81	2567.06	2559.09
94.40	2600.11	2631.11	2572.00	2612.15	2636.64	2579.55	2627.90	2615.02	2589.71	2592.78	2603.82	2560.79	2560.13	2608.94	2595.09	2607.09	2614.67	2552.06	2587.83	2602.34	2603.37	2621.93	2601.21	2572.56	2532.04	2544.48	2540.32	2567.30	2656.53	2602.62	2600.90	2597.65	2566.96	2558.95
94.50	2599.96	2630.84	2572.05	2611.64	2636.70	2579.65	2627.66	2614.99	2589.37	2592.90	2603.57	2560.48	2559.90	2609.23	2594.66	2606.83	2614.54	2551.76	2587.57	2602.35	2603.17	2621.85	2600.80	2572.45	2531.56	2544.32	2540.18	2567.66	2656.47	2602.53	2600.90	2597.48	2566.91	2558.84
94.60	2599.87	2630.68	2572.22	2611.35	2636.56	2579.73	2627.43	2614.97	2589.23	2593.06	2603.40	2560.34	2559.64	2609.39	2594.29	2606.63	2614.63	2551.49	2587.36	2602.24	2602.90	2621.88	2600.43	2572.24	2530.95	2544.19	2540.01	2567.86	2656.59	2602.30	2600.84	2597.31	2566.76	2558.77
94.70	2600.04	2630.74	2572.28	2611.09	2636.26	2579.92	2627.25	2614.83	2589.48	2593.22	2603.13	2560.50	2559.63	2609.10	2594.10	2606.67	2614.53	2551.24	2587.20	2602.18	2602.27	2622.08	2600.11	2572.13	2530.32	2543.99	2539.91	2567.93	2656.65	2602.38	2600.84	2597.14	2566.59	2558.80
94.80	2600.16	2630.83	2572.42	2611.44	2635.67	2580.49	2627.13	2615.05	2589.91	2593.48	2603.18	2561.17	2559.12	2608.55	2593.94	2607.04	2614.62	2551.58	2587.30	2601.87	2601.21	2622.05	2600.33	2571.73	2529.99	2543.88	2540.05	2567.62	2657.15	2602.16	2600.59	2596.91	2566.17	2558.61
94.90	2600.43	2631.04	2572.48	2611.90	2634.93	2580.85	2627.00	2615.03	2590.43	2593.60	2603.17	2561.98	2558.70	2607.84	2593.71	2607.37	2614.63	2552.04	2587.38	2601.48	2600.42	2622.07	2600.55	2571.45	2529.66	2543.83	2540.22	2567.06	2657.65	2601.90	2600.40	2596.70	2565.66	2558.38
95.00	2600.09	2631.26	2572.75	2613.35	2633.92	2582.11	2626.95	2616.29	2590.95	2593.66	2604.11	2563.82	2556.95	2606.65	2593.63	2608.04	2615.36	2553.67	2588.22	2600.95	2598.68	2621.27	2602.28	2570.55	2529.91	2544.17	2540.96	2566.08	2658.98	2601.13	2599.39	2596.47	2564.75	2557.76